,chr,start,end,width,reads,gc,map,cor_gc,copy,valid,ideal,modal_curve,modal_quantile,cor_map,multiplier,state,cell_id,is_low_mappability
1310,13.0,1,500000,500000,0,-1.0,0.0,,,False,False,,,,2,2,SA1015-A95736A-R03-C04,True
1311,13.0,500001,1000000,500000,0,-1.0,0.0,,,False,False,,,,2,2,SA1015-A95736A-R03-C04,True
1312,13.0,1000001,1500000,500000,0,-1.0,0.0,,,False,False,,,,2,2,SA1015-A95736A-R03-C04,True
1313,13.0,1500001,2000000,500000,0,-1.0,0.0,,,False,False,,,,2,2,SA1015-A95736A-R03-C04,True
1314,13.0,2000001,2500000,500000,0,-1.0,0.0,,,False,False,,,,2,2,SA1015-A95736A-R03-C04,True
1315,13.0,2500001,3000000,500000,0,-1.0,0.0,,,False,False,,,,2,2,SA1015-A95736A-R03-C04,True
1316,13.0,3000001,3500000,500000,0,-1.0,0.0,,,False,False,,,,2,2,SA1015-A95736A-R03-C04,True
1317,13.0,3500001,4000000,500000,0,-1.0,0.0,,,False,False,,,,2,2,SA1015-A95736A-R03-C04,True
1318,13.0,4000001,4500000,500000,0,-1.0,0.0,,,False,False,,,,2,2,SA1015-A95736A-R03-C04,True
1319,13.0,4500001,5000000,500000,0,-1.0,0.0,,,False,False,,,,2,2,SA1015-A95736A-R03-C04,True
1320,13.0,5000001,5500000,500000,0,-1.0,0.0,,,False,False,,,,2,2,SA1015-A95736A-R03-C04,True
1321,13.0,5500001,6000000,500000,0,-1.0,0.0,,,False,False,,,,2,2,SA1015-A95736A-R03-C04,True
1322,13.0,6000001,6500000,500000,0,-1.0,0.0,,,False,False,,,,2,2,SA1015-A95736A-R03-C04,True
1323,13.0,6500001,7000000,500000,0,-1.0,0.0,,,False,False,,,,2,2,SA1015-A95736A-R03-C04,True
1324,13.0,7000001,7500000,500000,0,-1.0,0.0,,,False,False,,,,2,2,SA1015-A95736A-R03-C04,True
1325,13.0,7500001,8000000,500000,0,-1.0,0.0,,,False,False,,,,2,2,SA1015-A95736A-R03-C04,True
1326,13.0,8000001,8500000,500000,0,-1.0,0.0,,,False,False,,,,2,2,SA1015-A95736A-R03-C04,True
1327,13.0,8500001,9000000,500000,0,-1.0,0.0,,,False,False,,,,2,2,SA1015-A95736A-R03-C04,True
1328,13.0,9000001,9500000,500000,0,-1.0,0.0,,,False,False,,,,2,2,SA1015-A95736A-R03-C04,True
1329,13.0,9500001,10000000,500000,0,-1.0,0.0,,,False,False,,,,2,2,SA1015-A95736A-R03-C04,True
1330,13.0,10000001,10500000,500000,0,-1.0,0.0,,,False,False,,,,2,2,SA1015-A95736A-R03-C04,True
1331,13.0,10500001,11000000,500000,0,-1.0,0.0,,,False,False,,,,2,2,SA1015-A95736A-R03-C04,True
1332,13.0,11000001,11500000,500000,0,-1.0,0.0,,,False,False,,,,2,2,SA1015-A95736A-R03-C04,True
1333,13.0,11500001,12000000,500000,0,-1.0,0.0,,,False,False,,,,2,2,SA1015-A95736A-R03-C04,True
1334,13.0,12000001,12500000,500000,0,-1.0,0.0,,,False,False,,,,2,2,SA1015-A95736A-R03-C04,True
1335,13.0,12500001,13000000,500000,0,-1.0,0.0,,,False,False,,,,2,2,SA1015-A95736A-R03-C04,True
1336,13.0,13000001,13500000,500000,0,-1.0,0.0,,,False,False,,,,2,2,SA1015-A95736A-R03-C04,True
1337,13.0,13500001,14000000,500000,0,-1.0,0.0,,,False,False,,,,2,2,SA1015-A95736A-R03-C04,True
1338,13.0,14000001,14500000,500000,0,-1.0,0.0,,,False,False,,,,2,2,SA1015-A95736A-R03-C04,True
1339,13.0,14500001,15000000,500000,0,-1.0,0.0,,,False,False,,,,2,2,SA1015-A95736A-R03-C04,True
1340,13.0,15000001,15500000,500000,0,-1.0,0.0,,,False,False,,,,2,2,SA1015-A95736A-R03-C04,True
1341,13.0,15500001,16000000,500000,0,-1.0,0.0,,,False,False,,,,2,2,SA1015-A95736A-R03-C04,True
1342,13.0,16000001,16500000,500000,0,-1.0,0.0,,,False,False,,,,2,2,SA1015-A95736A-R03-C04,True
1343,13.0,16500001,17000000,500000,0,-1.0,0.0,,,False,False,,,,2,2,SA1015-A95736A-R03-C04,True
1344,13.0,17000001,17500000,500000,0,-1.0,0.0,,,False,False,,,,2,2,SA1015-A95736A-R03-C04,True
1345,13.0,17500001,18000000,500000,0,-1.0,0.0,,,False,False,,,,2,2,SA1015-A95736A-R03-C04,True
1346,13.0,18000001,18500000,500000,0,-1.0,0.0,,,False,False,,,,2,2,SA1015-A95736A-R03-C04,True
1347,13.0,18500001,19000000,500000,0,-1.0,0.0,,,False,False,,,,2,2,SA1015-A95736A-R03-C04,True
1348,13.0,19000001,19500000,500000,17,-1.0,0.879922,,,False,False,,,,2,2,SA1015-A95736A-R03-C04,True
1349,13.0,19500001,20000000,500000,99,0.425462,0.986051,1.3704284924328405,2.66240292273838,True,True,72.24017929184392,46.0,,2,2,SA1015-A95736A-R03-C04,False
1350,13.0,20000001,20500000,500000,55,0.4166,0.987551,0.779664057950338,1.51469403774292,True,True,70.5432031131327,46.0,,2,2,SA1015-A95736A-R03-C04,False
1351,13.0,20500001,21000000,500000,71,0.428976,0.997895,0.973474858760116,1.8912203909116203,True,True,72.9346005817042,46.0,,2,2,SA1015-A95736A-R03-C04,False
1352,13.0,21000001,21500000,500000,106,0.414842,0.999675,1.50963157206785,2.93284000728592,True,True,70.21580759258,46.0,,2,2,SA1015-A95736A-R03-C04,False
1353,13.0,21500001,22000000,500000,66,0.4357939999999999,0.998018,0.888089717288122,1.7253382223280502,True,True,74.3168158747948,46.0,,2,2,SA1015-A95736A-R03-C04,False
1354,13.0,22000001,22500000,500000,77,0.414154,0.99521,1.09861083523312,2.13432858031449,True,True,70.08851317551479,46.0,,2,2,SA1015-A95736A-R03-C04,False
1355,13.0,22500001,23000000,500000,66,0.40181,0.996389,0.972243204692472,1.8888275923033,True,True,67.8842492099251,46.0,,2,2,SA1015-A95736A-R03-C04,False
1356,13.0,23000001,23500000,500000,43,0.3826219999999999,0.994034,0.664017103674562,1.2900206667719,True,True,64.7573680889318,46.0,,2,2,SA1015-A95736A-R03-C04,False
1357,13.0,23500001,24000000,500000,50,0.410242,0.998265,0.7207350632963979,1.40020960570797,True,True,69.3736194425132,46.0,,2,2,SA1015-A95736A-R03-C04,False
1358,13.0,24000001,24500000,500000,54,0.411336,0.997852,0.7761741554499051,1.50791402209925,True,True,69.57201501858711,46.0,,2,2,SA1015-A95736A-R03-C04,False
1359,13.0,24500001,25000000,500000,69,0.440478,0.995441,0.916418942266981,1.7803748855316397,True,True,75.29307483465148,46.0,,2,2,SA1015-A95736A-R03-C04,False
1360,13.0,25000001,25500000,500000,38,0.4225,0.993954,0.530249791030022,1.0301439303218,True,True,71.664337530778,46.0,,2,2,SA1015-A95736A-R03-C04,False
1361,13.0,25500001,26000000,500000,58,0.4173560000000001,0.997518,0.820542592609011,1.59411089951533,True,True,70.6849352153461,46.0,,2,2,SA1015-A95736A-R03-C04,False
1362,13.0,26000001,26500000,500000,69,0.412066,0.996045,0.989885113137006,1.9231014481555104,True,True,69.7050587833722,46.0,,2,2,SA1015-A95736A-R03-C04,False
1363,13.0,26500001,27000000,500000,112,0.405208,0.998865,1.63561001930148,3.1775849085842403,True,True,68.4759806300474,46.0,,2,2,SA1015-A95736A-R03-C04,False
1364,13.0,27000001,27500000,500000,71,0.430918,0.99782,0.9683101375959692,1.88118661768049,True,True,73.3236152791628,46.0,,2,2,SA1015-A95736A-R03-C04,False
1365,13.0,27500001,28000000,500000,72,0.438284,0.99838,0.9621412423342608,1.86920198304575,True,True,74.83308773389659,46.0,,2,2,SA1015-A95736A-R03-C04,False
1366,13.0,28000001,28500000,500000,201,0.422772,0.999566,2.80268844202376,5.44492904282987,True,True,71.71685478349559,46.0,,2,2,SA1015-A95736A-R03-C04,False
1367,13.0,28500001,29000000,500000,70,0.417502,0.999127,0.989925780576843,1.92318045491236,True,True,70.71237195096592,46.0,,2,2,SA1015-A95736A-R03-C04,False
1368,13.0,29000001,29500000,500000,59,0.416384,0.997501,0.836846051841111,1.62578448026031,True,True,70.5028121602492,46.0,,2,2,SA1015-A95736A-R03-C04,False
1369,13.0,29500001,30000000,500000,52,0.402914,0.99423,0.7638606115013181,1.48399185791556,True,True,68.0752472598337,46.0,,2,2,SA1015-A95736A-R03-C04,False
1370,13.0,30000001,30500000,500000,69,0.42426,0.985168,0.9582607785644208,1.86166320364978,True,True,72.00545148406209,46.0,,2,2,SA1015-A95736A-R03-C04,False
1371,13.0,30500001,31000000,500000,86,0.431708,0.993493,1.17033977279478,2.27368012916477,True,True,73.4829337591693,46.0,,2,2,SA1015-A95736A-R03-C04,False
1372,13.0,31000001,31500000,500000,104,0.43548,0.997081,1.40063288949105,2.7210825805617302,True,True,74.25214756865401,46.0,,2,2,SA1015-A95736A-R03-C04,False
1373,13.0,31500001,32000000,500000,90,0.4245739999999999,0.989299,1.24884426923705,2.42619490970977,True,True,72.0666316985889,46.0,,2,2,SA1015-A95736A-R03-C04,False
1374,13.0,32000001,32500000,500000,108,0.389686,0.996782,1.6396896588222598,3.18551063710186,True,True,65.866122542709,46.0,,2,2,SA1015-A95736A-R03-C04,False
1375,13.0,32500001,33000000,500000,61,0.39255,0.998916,0.919647985058297,1.78664811541027,True,True,66.3297272337667,46.0,,2,2,SA1015-A95736A-R03-C04,False
1376,13.0,33000001,33500000,500000,54,0.391214,0.996247,0.8167901297858872,1.5868207942359098,True,True,66.11245414309249,46.0,,2,2,SA1015-A95736A-R03-C04,False
1377,13.0,33500001,34000000,500000,96,0.407748,0.999472,1.39280281467398,2.70587068574682,True,True,68.9257653621782,46.0,,2,2,SA1015-A95736A-R03-C04,False
1378,13.0,34000001,34500000,500000,52,0.38322,0.997642,0.801858892659645,1.55781310096004,True,True,64.8493151052099,46.0,,2,2,SA1015-A95736A-R03-C04,False
1379,13.0,34500001,35000000,500000,92,0.385794,0.995238,1.40998051006624,2.7392426906860097,True,True,65.2491288660988,46.0,,2,2,SA1015-A95736A-R03-C04,False
1380,13.0,35000001,35500000,500000,58,0.391368,0.989005,0.876962083790135,1.70371998824157,True,True,66.13740898503879,46.0,,2,2,SA1015-A95736A-R03-C04,False
1381,13.0,35500001,36000000,500000,47,0.345084,0.995332,0.7873450772302041,1.52961635458998,True,True,59.694283179290295,46.0,,2,2,SA1015-A95736A-R03-C04,False
1382,13.0,36000001,36500000,500000,86,0.390726,0.998869,1.3023686296276202,2.53017947682029,True,True,66.0335315544184,46.0,,2,2,SA1015-A95736A-R03-C04,False
1383,13.0,36500001,37000000,500000,108,0.39092,0.991602,1.63475666354961,3.17592704984846,True,True,66.0648782831664,46.0,,2,2,SA1015-A95736A-R03-C04,False
1384,13.0,37000001,37500000,500000,67,0.398248,0.996744,0.9958940728222,1.93477536760247,True,True,67.2762313065415,46.0,,2,2,SA1015-A95736A-R03-C04,False
1385,13.0,37500001,38000000,500000,58,0.379438,0.991048,0.902389953777052,1.75312003774871,True,True,64.27376519123979,46.0,,2,2,SA1015-A95736A-R03-C04,False
1386,13.0,38000001,38500000,500000,55,0.3552599999999999,0.995338,0.902690374553435,1.7537036808629,True,True,60.9289758154436,46.0,,2,2,SA1015-A95736A-R03-C04,False
1387,13.0,38500001,39000000,500000,56,0.358244,0.990353,0.913383879076932,1.77447850994364,True,True,61.3104755654258,46.0,,2,2,SA1015-A95736A-R03-C04,False
1388,13.0,39000001,39500000,500000,48,0.370634,0.999624,0.762040068506388,1.48045499406791,True,True,62.9888138219304,46.0,,2,2,SA1015-A95736A-R03-C04,False
1389,13.0,39500001,40000000,500000,90,0.385752,0.992176,1.3794677953896102,2.6799640481414904,True,True,65.2425524545,46.0,,2,2,SA1015-A95736A-R03-C04,False
1390,13.0,40000001,40500000,500000,80,0.38034,0.998252,1.24204804357575,2.41299152758211,True,True,64.4097467998796,46.0,,2,2,SA1015-A95736A-R03-C04,False
1391,13.0,40500001,41000000,500000,110,0.418436,0.990471,1.55173503128588,3.0146365938998403,True,True,70.8883912408979,46.0,,2,2,SA1015-A95736A-R03-C04,False
1392,13.0,41000001,41500000,500000,54,0.422966,0.985354,0.7525675441520991,1.4620522268561795,True,True,71.7543566947742,46.0,,2,2,SA1015-A95736A-R03-C04,False
1393,13.0,41500001,42000000,500000,73,0.39605,0.997285,1.09106165515235,2.11966239435709,True,True,66.9073096421916,46.0,,2,2,SA1015-A95736A-R03-C04,False
1394,13.0,42000001,42500000,500000,53,0.391278,0.994043,0.801538686472148,1.5571910196955498,True,True,66.1228221351006,46.0,,2,2,SA1015-A95736A-R03-C04,False
1395,13.0,42500001,43000000,500000,62,0.3898,0.993472,0.941041890696724,1.8282111719397,True,True,65.88442088810389,46.0,,2,2,SA1015-A95736A-R03-C04,False
1396,13.0,43000001,43500000,500000,112,0.399234,0.988957,1.66065470467163,3.22624052534696,True,True,67.4432798612078,46.0,,2,2,SA1015-A95736A-R03-C04,False
1397,13.0,43500001,44000000,500000,60,0.4042719999999999,0.994594,0.878324997019269,1.70636779087025,True,True,68.311843797705,46.0,,2,2,SA1015-A95736A-R03-C04,False
1398,13.0,44000001,44500000,500000,75,0.380096,0.994824,1.16508685918049,2.2634750198600497,True,True,64.372882939178,46.0,,2,2,SA1015-A95736A-R03-C04,False
1399,13.0,44500001,45000000,500000,68,0.421934,0.991105,0.950314084396468,1.8462247463383,True,True,71.55529010515079,46.0,,2,2,SA1015-A95736A-R03-C04,False
1400,13.0,45000001,45500000,500000,40,0.418868,0.999032,0.5636176599869329,1.0949694300300798,True,True,70.9700969996705,46.0,,2,2,SA1015-A95736A-R03-C04,False
1401,13.0,45500001,46000000,500000,64,0.4180680000000001,0.997906,0.903713100143578,1.7556905832189,True,True,70.8189357771089,46.0,,2,2,SA1015-A95736A-R03-C04,False
1402,13.0,46000001,46500000,500000,62,0.4290779999999999,0.989638,0.8498396412143171,1.65102780416601,True,True,72.95493995950758,46.0,,2,2,SA1015-A95736A-R03-C04,False
1403,13.0,46500001,47000000,500000,58,0.389162,0.99585,0.881697750488633,1.71292021498,True,True,65.78217985455521,46.0,,2,2,SA1015-A95736A-R03-C04,False
1404,13.0,47000001,47500000,500000,73,0.396002,0.994823,1.09119217871721,2.11991596929552,True,True,66.8993064867983,46.0,,2,2,SA1015-A95736A-R03-C04,False
1405,13.0,47500001,48000000,500000,53,0.377262,0.991806,0.8287849657046039,1.6101237877040802,True,True,63.9490364728579,46.0,,2,2,SA1015-A95736A-R03-C04,False
1406,13.0,48000001,48500000,500000,100,0.395584,0.988053,1.49634050248727,2.90701875306285,True,True,66.8297087686769,46.0,,2,2,SA1015-A95736A-R03-C04,False
1407,13.0,48500001,49000000,500000,40,0.391822,0.997145,0.604128184889765,1.17367134005203,True,True,66.2111138007884,46.0,,2,2,SA1015-A95736A-R03-C04,False
1408,13.0,49000001,49500000,500000,155,0.402122,0.989787,2.28148843605052,4.4323666020336905,True,True,67.9381045947005,46.0,,2,2,SA1015-A95736A-R03-C04,False
1409,13.0,49500001,50000000,500000,43,0.3866219999999999,0.987531,0.657702188626429,1.27775235188073,True,True,65.3791347263157,46.0,,2,2,SA1015-A95736A-R03-C04,False
1410,13.0,50000001,50500000,500000,92,0.418496,0.995872,1.29760723091343,2.52092925915262,True,True,70.8997282137817,46.0,,2,2,SA1015-A95736A-R03-C04,False
1411,13.0,50500001,51000000,500000,58,0.39915,0.99279,0.860163883594272,1.67108524841737,True,True,67.4290110364107,46.0,,2,2,SA1015-A95736A-R03-C04,False
1412,13.0,51000001,51500000,500000,125,0.39323,0.993609,1.8813686029875905,3.65503292948198,True,True,66.4409939665738,46.0,,2,2,SA1015-A95736A-R03-C04,False
1413,13.0,51500001,52000000,500000,149,0.415114,0.99335,2.12050555388252,4.11961675892873,True,True,70.2662625557335,46.0,,2,2,SA1015-A95736A-R03-C04,False
1414,13.0,52000001,52500000,500000,66,0.415416,0.991509,0.9385349451774928,1.82334079810086,True,True,70.32236821775271,46.0,,2,2,SA1015-A95736A-R03-C04,False
1415,13.0,52500001,53000000,500000,48,0.4156899999999999,0.986329,0.6820763810704921,1.32510536705868,True,True,70.3733501586229,46.0,,2,2,SA1015-A95736A-R03-C04,False
1416,13.0,53000001,53500000,500000,52,0.415896,0.997178,0.7385133277773571,1.43474836754537,True,True,70.4117285960162,46.0,,2,2,SA1015-A95736A-R03-C04,False
1417,13.0,53500001,54000000,500000,78,0.404522,0.994086,1.1410916047098,2.21685818725086,True,True,68.35559886520821,46.0,,2,2,SA1015-A95736A-R03-C04,False
1418,13.0,54000001,54500000,500000,69,0.359324,0.996142,1.1228508759728602,2.18142097197821,True,True,61.450724647845405,46.0,,2,2,SA1015-A95736A-R03-C04,False
1419,13.0,54500001,55000000,500000,66,0.35856,0.996196,1.07577021419647,2.08995491431081,True,True,61.3513918948738,46.0,,2,2,SA1015-A95736A-R03-C04,False
1420,13.0,55000001,55500000,500000,84,0.35788,0.996928,1.3711271108722298,2.66376016522507,True,True,61.263466628243,46.0,,2,2,SA1015-A95736A-R03-C04,False
1421,13.0,55500001,56000000,500000,74,0.34389,0.997536,1.24252530539663,2.4139187290186204,True,True,59.5561311134649,46.0,,2,2,SA1015-A95736A-R03-C04,False
1422,13.0,56000001,56500000,500000,37,0.3442119999999999,0.996115,0.620875694701724,1.20620760102308,True,True,59.5932492055036,46.0,,2,2,SA1015-A95736A-R03-C04,False
1423,13.0,56500001,57000000,500000,52,0.341254,0.998139,0.87754634158554,1.7048550563393998,True,True,59.2561298883054,46.0,,2,2,SA1015-A95736A-R03-C04,False
1424,13.0,57000001,57500000,500000,57,0.338448,0.995398,0.967013959691106,1.87866846524762,True,True,58.9443403880204,46.0,,2,2,SA1015-A95736A-R03-C04,False
1425,13.0,57500001,58000000,500000,49,0.347948,0.927518,0.8162392789622329,1.58575062760483,True,True,60.0314163541586,46.0,,2,2,SA1015-A95736A-R03-C04,False
1426,13.0,58000001,58500000,500000,88,0.344598,0.998001,1.47557223466129,2.866671155749,True,True,59.6378800934811,46.0,,2,2,SA1015-A95736A-R03-C04,False
1427,13.0,58500001,59000000,500000,46,0.344748,0.997253,0.7710970884782231,1.49805053924043,True,True,59.6552635035648,46.0,,2,2,SA1015-A95736A-R03-C04,False
1428,13.0,59000001,59500000,500000,48,0.35645,0.987836,0.7858538625392181,1.52671929401832,True,True,61.0800586318993,46.0,,2,2,SA1015-A95736A-R03-C04,False
1429,13.0,59500001,60000000,500000,92,0.376874,0.995932,1.43993828905646,2.7974432307234705,True,True,63.8916269531829,46.0,,2,2,SA1015-A95736A-R03-C04,False
1430,13.0,60000001,60500000,500000,91,0.37615,0.99371,1.4266699369121298,2.77166611084888,True,True,63.7849005194289,46.0,,2,2,SA1015-A95736A-R03-C04,False
1431,13.0,60500001,61000000,500000,76,0.375556,0.991311,1.1931352293225,2.31796605172087,True,True,63.6977252303205,46.0,,2,2,SA1015-A95736A-R03-C04,False
1432,13.0,61000001,61500000,500000,41,0.376506,0.991051,0.642257594624227,1.2477473334218898,True,True,63.83731440963079,46.0,,2,2,SA1015-A95736A-R03-C04,False
1433,13.0,61500001,62000000,500000,48,0.361402,0.997359,0.7776576009991829,1.51079598915403,True,True,61.7238228473902,46.0,,2,2,SA1015-A95736A-R03-C04,False
1434,13.0,62000001,62500000,500000,73,0.346116,0.997437,1.2204331633489298,2.37099917219233,True,True,59.8148282038519,46.0,,2,2,SA1015-A95736A-R03-C04,False
1435,13.0,62500001,63000000,500000,68,0.34571,0.999754,1.1377462972488102,2.21035908393334,True,True,59.7672786669849,46.0,,2,2,SA1015-A95736A-R03-C04,False
1436,13.0,63000001,63500000,500000,56,0.334434,0.998952,0.9570706731727868,1.85935112382179,True,False,58.511875423320895,46.0,,2,2,SA1015-A95736A-R03-C04,False
1437,13.0,63500001,64000000,500000,88,0.34013,0.99784,1.48823867616946,2.89127891243112,True,True,59.1303004075268,46.0,,2,2,SA1015-A95736A-R03-C04,False
1438,13.0,64000001,64500000,500000,59,0.351758,0.9938,0.9753276042602808,1.89481981624608,True,True,60.4924947702546,46.0,,2,2,SA1015-A95736A-R03-C04,False
1439,13.0,64500001,65000000,500000,61,0.340288,0.997481,1.03131281041692,2.00358519680011,True,True,59.1479126254043,46.0,,2,2,SA1015-A95736A-R03-C04,False
1440,13.0,65000001,65500000,500000,36,0.340942,0.99941,0.607891683080626,1.18098288431603,True,True,59.2210767180791,46.0,,2,2,SA1015-A95736A-R03-C04,False
1441,13.0,65500001,66000000,500000,63,0.3447,0.999302,1.05616627915738,2.05186932704125,True,True,59.649698388649504,46.0,,2,2,SA1015-A95736A-R03-C04,False
1442,13.0,66000001,66500000,500000,68,0.342352,0.997593,1.1451617763921298,2.22476552210482,True,True,59.38025648588821,46.0,,2,2,SA1015-A95736A-R03-C04,False
1443,13.0,66500001,67000000,500000,68,0.355638,0.993871,1.11517795951671,2.16651439690949,True,True,60.97681488384979,46.0,,2,2,SA1015-A95736A-R03-C04,False
1444,13.0,67000001,67500000,500000,45,0.3451079999999999,0.991893,0.753805782269092,1.46445781664064,True,True,59.6970745760822,46.0,,2,2,SA1015-A95736A-R03-C04,False
1445,13.0,67500001,68000000,500000,93,0.350984,0.997594,1.53979466165375,2.99143941492795,True,True,60.3976636080276,46.0,,2,2,SA1015-A95736A-R03-C04,False
1446,13.0,68000001,68500000,500000,60,0.349538,0.99119,0.996312191383325,1.93558766834296,True,True,60.2220875333195,46.0,,2,2,SA1015-A95736A-R03-C04,False
1447,13.0,68500001,69000000,500000,46,0.3446639999999999,0.99637,0.771222974240603,1.49829510407803,True,True,59.6455260494471,46.0,,2,2,SA1015-A95736A-R03-C04,False
1448,13.0,69000001,69500000,500000,69,0.335584,0.999629,1.17678871234167,2.28620882044127,True,False,58.6341450052646,46.0,,2,2,SA1015-A95736A-R03-C04,False
1449,13.0,69500001,70000000,500000,47,0.33416,0.999174,0.8036532157782249,1.5612990260861,True,False,58.4829365169492,46.0,,2,2,SA1015-A95736A-R03-C04,False
1450,13.0,70000001,70500000,500000,52,0.348108,0.996129,0.8659379780226079,1.6823028828777298,True,True,60.050490127183714,46.0,,2,2,SA1015-A95736A-R03-C04,False
1451,13.0,70500001,71000000,500000,56,0.341452,0.997078,0.944694462627047,1.83530721397072,True,True,59.27842515798472,46.0,,2,2,SA1015-A95736A-R03-C04,False
1452,13.0,71000001,71500000,500000,89,0.341118,0.99916,1.50234200469498,2.91867818447927,True,True,59.24083845214021,46.0,,2,2,SA1015-A95736A-R03-C04,False
1453,13.0,71500001,72000000,500000,54,0.347666,0.996576,0.900032093160321,1.7485392989272,True,True,59.99786053227,46.0,,2,2,SA1015-A95736A-R03-C04,False
1454,13.0,72000001,72500000,500000,77,0.34229,0.997195,1.29688107790256,2.519518523817529,True,True,59.37321571884728,46.0,,2,2,SA1015-A95736A-R03-C04,False
1455,13.0,72500001,73000000,500000,45,0.363038,0.995888,0.7264879476342919,1.41138603421917,True,True,61.9418397050306,46.0,,2,2,SA1015-A95736A-R03-C04,False
1456,13.0,73000001,73500000,500000,76,0.37168,0.994431,1.20372277339556,2.33853502590696,True,True,63.137461282395705,46.0,,2,2,SA1015-A95736A-R03-C04,False
1457,13.0,73500001,74000000,500000,37,0.39637,0.998787,0.5525627371597299,1.07349245475679,True,True,66.9607223067312,46.0,,2,2,SA1015-A95736A-R03-C04,False
1458,13.0,74000001,74500000,500000,72,0.386438,0.992554,1.1017566214287902,2.14044006326154,True,True,65.3501858755597,46.0,,2,2,SA1015-A95736A-R03-C04,False
1459,13.0,74500001,75000000,500000,97,0.376746,0.994586,1.51864519551866,2.9503512437732,True,True,63.872720426229705,46.0,,2,2,SA1015-A95736A-R03-C04,False
1460,13.0,75000001,75500000,500000,76,0.373978,0.98531,1.19745694731969,2.32636207872302,True,True,63.4678350400099,46.0,,2,2,SA1015-A95736A-R03-C04,False
1461,13.0,75500001,76000000,500000,84,0.379404,0.995981,1.30701349934558,2.5392033075280698,True,True,64.2686552526495,46.0,,2,2,SA1015-A95736A-R03-C04,False
1462,13.0,76000001,76500000,500000,61,0.38614,0.99525,0.934101834736612,1.81472836318741,True,True,65.3033724285534,46.0,,2,2,SA1015-A95736A-R03-C04,False
1463,13.0,76500001,77000000,500000,61,0.36332,0.997449,0.9841934120425,1.91204388352296,True,True,61.979687380152704,46.0,,2,2,SA1015-A95736A-R03-C04,False
1464,13.0,77000001,77500000,500000,72,0.385026,0.985225,1.10549576417858,2.14770429093964,True,True,65.12915049791991,46.0,,2,2,SA1015-A95736A-R03-C04,False
1465,13.0,77500001,78000000,500000,66,0.374854,0.995351,1.03781498625157,2.01621731298999,True,True,63.5951502669872,46.0,,2,2,SA1015-A95736A-R03-C04,False
1466,13.0,78000001,78500000,500000,44,0.379288,0.992693,0.6848117931545,1.33041959481122,True,True,64.25122995811671,46.0,,2,2,SA1015-A95736A-R03-C04,False
1467,13.0,78500001,79000000,500000,79,0.365896,0.99569,1.26746655054613,2.46237338706859,True,True,62.3290610438279,46.0,,2,2,SA1015-A95736A-R03-C04,False
1468,13.0,79000001,79500000,500000,86,0.381152,0.996148,1.3326546222138602,2.5890176545325,True,True,64.53284937183001,46.0,,2,2,SA1015-A95736A-R03-C04,False
1469,13.0,79500001,80000000,500000,50,0.3728260000000001,0.996524,0.789869908023416,1.5345214750836,True,True,63.3015633234096,46.0,,2,2,SA1015-A95736A-R03-C04,False
1470,13.0,80000001,80500000,500000,60,0.379226,0.99381,0.933969567281826,1.81447140030306,True,True,64.2419219018246,46.0,,2,2,SA1015-A95736A-R03-C04,False
1471,13.0,80500001,81000000,500000,52,0.389848,0.995274,0.7891686085922909,1.5331590240943995,True,True,65.8921293039734,46.0,,2,2,SA1015-A95736A-R03-C04,False
1472,13.0,81000001,81500000,500000,85,0.360964,0.997155,1.3783954318977,2.6778807116442795,True,True,61.665903726173,46.0,,2,2,SA1015-A95736A-R03-C04,False
1473,13.0,81500001,82000000,500000,44,0.35152,0.995876,0.7277145083176171,1.41376893764407,True,True,60.4632716499254,46.0,,2,2,SA1015-A95736A-R03-C04,False
1474,13.0,82000001,82500000,500000,107,0.346402,0.995427,1.7878499887820198,3.4733494391238904,True,True,59.8484216636623,46.0,,2,2,SA1015-A95736A-R03-C04,False
1475,13.0,82500001,83000000,500000,85,0.3446619999999999,0.989914,1.4250914680056,2.76859953696094,True,True,59.6452942904474,46.0,,2,2,SA1015-A95736A-R03-C04,False
1476,13.0,83000001,83500000,500000,57,0.337804,0.995684,0.968171251061898,1.88091679556552,True,True,58.8738820094915,46.0,,2,2,SA1015-A95736A-R03-C04,False
1477,13.0,83500001,84000000,500000,51,0.342198,0.99854,0.8591242555188771,1.66906550872152,True,True,59.3627751426923,46.0,,2,2,SA1015-A95736A-R03-C04,False
1478,13.0,84000001,84500000,500000,41,0.3498219999999999,0.998023,0.680425557518406,1.32189822602632,True,True,60.2564079890413,46.0,,2,2,SA1015-A95736A-R03-C04,False
1479,13.0,84500001,85000000,500000,128,0.3467719999999999,0.991706,2.13718019039773,4.15201144514464,True,True,59.8920018887968,46.0,,2,2,SA1015-A95736A-R03-C04,False
1480,13.0,85000001,85500000,500000,60,0.347096,0.997208,1.00116342960644,1.94501242191123,True,True,59.930275343343496,46.0,,2,2,SA1015-A95736A-R03-C04,False
1481,13.0,85500001,86000000,500000,62,0.349068,0.993551,1.03049149496097,2.00198958441867,True,True,60.16546502632529,46.0,,2,2,SA1015-A95736A-R03-C04,False
1482,13.0,86000001,86500000,500000,47,0.348752,0.996217,0.781672040787381,1.51859505074992,True,True,60.1275183805433,46.0,,2,2,SA1015-A95736A-R03-C04,False
1483,13.0,86500001,87000000,500000,33,-1.0,0.695259,,,False,False,,,,2,2,SA1015-A95736A-R03-C04,True
1484,13.0,87000001,87500000,500000,47,0.347532,0.994696,0.783569146346322,1.52228065668468,True,True,59.98194316245689,46.0,,2,2,SA1015-A95736A-R03-C04,False
1485,13.0,87500001,88000000,500000,62,0.340908,0.996146,1.04699199575938,2.03404596809349,True,True,59.2172626449084,46.0,,2,2,SA1015-A95736A-R03-C04,False
1486,13.0,88000001,88500000,500000,69,0.3417219999999999,0.996643,1.16340062327321,2.2601990813979103,True,True,59.3088903510037,46.0,,2,2,SA1015-A95736A-R03-C04,False
1487,13.0,88500001,89000000,500000,128,0.349078,0.995734,2.1274237938374,4.13305718458961,True,True,60.166667483358495,46.0,,2,2,SA1015-A95736A-R03-C04,False
1488,13.0,89000001,89500000,500000,79,0.344252,0.994445,1.32555078825526,2.57521666571881,True,True,59.59786731671221,46.0,,2,2,SA1015-A95736A-R03-C04,False
1489,13.0,89500001,90000000,500000,58,0.339512,0.995198,0.9820247229181288,1.90783065802807,True,True,59.061649514943504,46.0,,2,2,SA1015-A95736A-R03-C04,False
1490,13.0,90000001,90500000,500000,47,0.346796,0.999596,0.784708752587038,1.52449462917781,True,True,59.8948333952563,46.0,,2,2,SA1015-A95736A-R03-C04,False
1491,13.0,90500001,91000000,500000,79,0.351086,0.998317,1.30772776314993,2.54059094508144,True,True,60.4101268062953,46.0,,2,2,SA1015-A95736A-R03-C04,False
1492,13.0,91000001,91500000,500000,56,0.361712,0.994927,0.9066633676535608,1.76142222181575,True,True,61.764930621304,46.0,,2,2,SA1015-A95736A-R03-C04,False
1493,13.0,91500001,92000000,500000,57,0.367242,0.998988,0.9117924395586608,1.77138673737163,True,True,62.5142275007127,46.0,,2,2,SA1015-A95736A-R03-C04,False
1494,13.0,92000001,92500000,500000,64,0.366742,0.994567,1.02489807099204,1.99112294788474,True,True,62.4452341275772,46.0,,2,2,SA1015-A95736A-R03-C04,False
1495,13.0,92500001,93000000,500000,80,0.355298,0.997207,1.31290068969984,2.55064065934354,True,True,60.9337786381161,46.0,,2,2,SA1015-A95736A-R03-C04,False
1496,13.0,93000001,93500000,500000,58,0.3555,0.983321,0.9514539732474008,1.84843926787304,True,True,60.95933343159061,46.0,,2,2,SA1015-A95736A-R03-C04,False
1497,13.0,93500001,94000000,500000,88,0.367632,0.997955,1.40646494684181,2.73241282261521,True,True,62.5682141582,46.0,,2,2,SA1015-A95736A-R03-C04,False
1498,13.0,94000001,94500000,500000,112,0.363544,0.99158,1.80616592141864,3.50893275693558,True,True,62.0098068908477,46.0,,2,2,SA1015-A95736A-R03-C04,False
1499,13.0,94500001,95000000,500000,93,0.37428,0.998073,1.46429848964677,2.84476906319723,True,True,63.5116410059495,46.0,,2,2,SA1015-A95736A-R03-C04,False
1500,13.0,95000001,95500000,500000,54,0.403246,0.993283,0.7925683962733209,1.53976396897744,True,True,68.1329210878323,46.0,,2,2,SA1015-A95736A-R03-C04,False
1501,13.0,95500001,96000000,500000,159,0.418468,0.998692,2.24277117243812,4.35714855426887,True,True,70.8944371828851,46.0,,2,2,SA1015-A95736A-R03-C04,False
1502,13.0,96000001,96500000,500000,88,0.411454,0.993774,1.26448618047146,2.45658326664898,True,True,69.5934849736273,46.0,,2,2,SA1015-A95736A-R03-C04,False
1503,13.0,96500001,97000000,500000,69,0.379038,0.991088,1.07453670656647,2.0875585146902003,True,True,64.2137207396851,46.0,,2,2,SA1015-A95736A-R03-C04,False
1504,13.0,97000001,97500000,500000,63,0.377724,0.999198,0.984104530696956,1.91187120909634,True,True,64.0175896308317,46.0,,2,2,SA1015-A95736A-R03-C04,False
1505,13.0,97500001,98000000,500000,75,0.401306,0.99497,1.1062362044756002,2.14914278293084,True,True,67.7974556397321,46.0,,2,2,SA1015-A95736A-R03-C04,False
1506,13.0,98000001,98500000,500000,68,0.39952,0.983873,1.00752809887233,1.95737739691675,True,True,67.49191419684321,46.0,,2,2,SA1015-A95736A-R03-C04,False
1507,13.0,98500001,99000000,500000,65,0.432092,0.998304,0.8836252278410139,1.71666482578227,True,True,73.5605978100199,46.0,,2,2,SA1015-A95736A-R03-C04,False
1508,13.0,99000001,99500000,500000,90,0.452608,0.998563,1.15499782651397,2.24387452978905,True,True,77.9222245565947,46.0,,2,2,SA1015-A95736A-R03-C04,False
1509,13.0,99500001,100000000,500000,68,0.42049,0.998762,0.954004080584888,1.85339349442781,True,True,71.2785211131488,46.0,,2,2,SA1015-A95736A-R03-C04,False
1510,13.0,100000001,100500000,500000,87,0.436554,0.999032,1.16819697405255,2.26951720226588,True,True,74.47374195653971,46.0,,2,2,SA1015-A95736A-R03-C04,False
1511,13.0,100500001,101000000,500000,82,0.4199779999999999,0.99791,1.1519947051568,2.2380402092660696,True,True,71.1808827184142,46.0,,2,2,SA1015-A95736A-R03-C04,False
1512,13.0,101000001,101500000,500000,92,0.428038,0.992598,1.26463886525903,2.45687989535082,True,True,72.74804098413979,46.0,,2,2,SA1015-A95736A-R03-C04,False
1513,13.0,101500001,102000000,500000,72,0.3930079999999999,0.996347,1.08426193575093,2.10645222475824,True,True,66.4046183177452,46.0,,2,2,SA1015-A95736A-R03-C04,False
1514,13.0,102000001,102500000,500000,74,0.3654,0.995517,1.18853965819676,2.30903799595993,True,True,62.2612796213062,46.0,,2,2,SA1015-A95736A-R03-C04,False
1515,13.0,102500001,103000000,500000,59,0.374154,0.997305,0.92923112218024,1.80526577581601,True,True,63.4933533667805,46.0,,2,2,SA1015-A95736A-R03-C04,False
1516,13.0,103000001,103500000,500000,58,0.390348,0.996657,0.8791533809177842,1.7079771354838005,True,True,65.9725609420411,46.0,,2,2,SA1015-A95736A-R03-C04,False
1517,13.0,103500001,104000000,500000,78,0.3876179999999999,0.998724,1.19017795719978,2.31222080489746,True,True,65.5364179181377,46.0,,2,2,SA1015-A95736A-R03-C04,False
1518,13.0,104000001,104500000,500000,82,0.365316,0.997054,1.31727278736413,2.55913456155309,True,True,62.24982462750361,46.0,,2,2,SA1015-A95736A-R03-C04,False
1519,13.0,104500001,105000000,500000,111,0.3547659999999999,0.996254,1.82365819294856,3.54291590534773,True,True,60.8666692197023,46.0,,2,2,SA1015-A95736A-R03-C04,False
1520,13.0,105000001,105500000,500000,151,0.362052,0.998349,2.44296541434869,4.746076351466,True,True,61.8101259694901,46.0,,2,2,SA1015-A95736A-R03-C04,False
1521,13.0,105500001,106000000,500000,66,0.35669,0.995036,1.08000728296965,2.09818648884962,True,True,61.1106990116977,46.0,,2,2,SA1015-A95736A-R03-C04,False
1522,13.0,106000001,106500000,500000,57,0.363614,0.994252,0.9190697873510808,1.78552482056189,True,True,62.0192294257479,46.0,,2,2,SA1015-A95736A-R03-C04,False
1523,13.0,106500001,107000000,500000,94,0.389276,0.993734,1.4285623305573,2.77534256270294,True,True,65.8004190571997,46.0,,2,2,SA1015-A95736A-R03-C04,False
1524,13.0,107000001,107500000,500000,98,0.40634,0.997418,1.42699784394831,2.7723031529538305,True,True,68.6756468593165,46.0,,2,2,SA1015-A95736A-R03-C04,False
1525,13.0,107500001,108000000,500000,76,0.385362,0.995796,1.16597377076893,2.26519806927002,True,True,65.1815691787644,46.0,,2,2,SA1015-A95736A-R03-C04,False
1526,13.0,108000001,108500000,500000,100,0.371736,0.996672,1.58364537712189,3.07663048740725,True,True,63.1454500133986,46.0,,2,2,SA1015-A95736A-R03-C04,False
1527,13.0,108500001,109000000,500000,150,0.373456,0.991614,2.366216845494721,4.59697290304743,True,True,63.3923303714114,46.0,,2,2,SA1015-A95736A-R03-C04,False
1528,13.0,109000001,109500000,500000,75,0.381088,0.988042,1.16237399096389,2.25820458925477,True,True,64.5231230077736,46.0,,2,2,SA1015-A95736A-R03-C04,False
1529,13.0,109500001,110000000,500000,87,0.3941119999999999,0.998148,1.306581051951,2.53836316941534,True,True,66.58599546510399,46.0,,2,2,SA1015-A95736A-R03-C04,False
1530,13.0,110000001,110500000,500000,116,0.4177439999999999,0.997095,1.63939301404324,3.18493432981472,True,True,70.7578957616204,46.0,,2,2,SA1015-A95736A-R03-C04,False
1531,13.0,110500001,111000000,500000,49,0.4352399999999999,0.997239,0.660352569605033,1.28290138526903,True,True,74.2027853837347,46.0,,2,2,SA1015-A95736A-R03-C04,False
1532,13.0,111000001,111500000,500000,81,0.470204,0.997919,0.987864519635264,1.91917593575234,True,True,81.9950493109182,46.0,,2,2,SA1015-A95736A-R03-C04,False
1533,13.0,111500001,112000000,500000,80,0.4460659999999999,0.994623,1.04594080276175,2.0320037606199,True,True,76.4861642157611,46.0,,2,2,SA1015-A95736A-R03-C04,False
1534,13.0,112000001,112500000,500000,52,-1.0,0.705699,,,False,False,,,,2,2,SA1015-A95736A-R03-C04,True
1535,13.0,112500001,113000000,500000,93,-1.0,0.962832,,,False,False,,,,2,2,SA1015-A95736A-R03-C04,False
1536,13.0,113000001,113500000,500000,68,0.464842,0.996658,0.8424028891876858,1.6365800380543798,True,True,80.72147053718109,46.0,,2,2,SA1015-A95736A-R03-C04,False
1537,13.0,113500001,114000000,500000,101,0.51422,0.995164,1.07991799622929,2.09801302684134,True,True,93.5256198643394,46.0,,2,2,SA1015-A95736A-R03-C04,False
1538,13.0,114000001,114500000,500000,95,-1.0,0.795808,,,False,False,,,,2,2,SA1015-A95736A-R03-C04,True
1539,13.0,114500001,115000000,500000,75,-1.0,0.786867,,,False,False,,,,2,2,SA1015-A95736A-R03-C04,True
1540,13.0,115000001,115500000,500000,8,-1.0,0.645987,,,False,False,,,,2,2,SA1015-A95736A-R03-C04,True
