,chr,start,end,width,reads,gc,map,cor_gc,copy,valid,ideal,modal_curve,modal_quantile,cor_map,multiplier,state,cell_id,is_low_mappability
0,1.0,1,500000,500000,44,-1.0,0.348523,,,False,False,,,,2,2,SA1015-A95736A-R03-C04,True
1,1.0,500001,1000000,500000,35,-1.0,0.7703909999999999,,,False,False,,,,2,2,SA1015-A95736A-R03-C04,True
2,1.0,1000001,1500000,500000,109,0.598332,0.982072,0.9016095664413442,1.7516039385615398,True,False,120.894901803475,46.0,,2,2,SA1015-A95736A-R03-C04,False
3,1.0,1500001,2000000,500000,85,0.5394979999999999,0.963004,0.841462240191164,1.63475259017845,True,True,101.014633741247,46.0,,2,2,SA1015-A95736A-R03-C04,False
4,1.0,2000001,2500000,500000,91,0.594508,0.997066,0.761515065286986,1.47943504292599,True,True,119.498620773452,46.0,,2,2,SA1015-A95736A-R03-C04,False
5,1.0,2500001,3000000,500000,114,-1.0,0.8549950000000001,,,False,False,,,,2,2,SA1015-A95736A-R03-C04,True
6,1.0,3000001,3500000,500000,206,0.584572,0.996989,1.7768070277222698,3.45189570260024,True,True,115.938307754262,46.0,,2,2,SA1015-A95736A-R03-C04,False
7,1.0,3500001,4000000,500000,56,-1.0,0.696429,,,False,False,,,,2,2,SA1015-A95736A-R03-C04,True
8,1.0,4000001,4500000,500000,79,0.482574,0.996234,0.92895551687679,1.80473034301562,True,True,85.0417469564132,46.0,,2,2,SA1015-A95736A-R03-C04,False
9,1.0,4500001,5000000,500000,112,0.481828,0.999002,1.3199186158551202,2.5642747505862,True,True,84.8537164751179,46.0,,2,2,SA1015-A95736A-R03-C04,False
10,1.0,5000001,5500000,500000,69,0.447446,0.997099,0.898606373921746,1.7457694797876,True,True,76.7855670763457,46.0,,2,2,SA1015-A95736A-R03-C04,False
11,1.0,5500001,6000000,500000,93,0.49113,0.997494,1.06605287625279,2.0710765349678897,True,True,87.2376990594482,46.0,,2,2,SA1015-A95736A-R03-C04,False
12,1.0,6000001,6500000,500000,99,0.545072,0.997854,0.9634928524601272,1.87182782654607,True,True,102.751151445721,46.0,,2,2,SA1015-A95736A-R03-C04,False
13,1.0,6500001,7000000,500000,83,0.489968,0.999179,0.9547339791225892,1.85481150639327,True,True,86.93521107971658,46.0,,2,2,SA1015-A95736A-R03-C04,False
14,1.0,7000001,7500000,500000,77,0.470672,0.99554,0.93779428959084,1.82190188785525,True,True,82.1075590400482,46.0,,2,2,SA1015-A95736A-R03-C04,False
15,1.0,7500001,8000000,500000,95,0.48825,0.998566,1.09838733596752,2.13389437663203,True,True,86.49043637809099,46.0,,2,2,SA1015-A95736A-R03-C04,False
16,1.0,8000001,8500000,500000,65,0.4627020000000001,0.998576,0.810260374071984,1.57413509717586,True,True,80.2211265415101,46.0,,2,2,SA1015-A95736A-R03-C04,False
17,1.0,8500001,9000000,500000,35,0.4260100000000001,0.997957,0.483775095297798,0.939855114499535,True,True,72.3476680387092,46.0,,2,2,SA1015-A95736A-R03-C04,False
18,1.0,9000001,9500000,500000,111,0.506692,0.999332,1.21420841345196,2.35890602584392,True,True,91.41758430451809,46.0,,2,2,SA1015-A95736A-R03-C04,False
19,1.0,9500001,10000000,500000,183,0.4972479999999999,0.999216,2.0595962786674,4.0012851325432415,True,True,88.8523648520109,46.0,,2,2,SA1015-A95736A-R03-C04,False
20,1.0,10000001,10500000,500000,50,0.445162,0.999742,0.6553848219935671,1.27325028283411,True,True,76.2910557615732,46.0,,2,2,SA1015-A95736A-R03-C04,False
21,1.0,10500001,11000000,500000,86,0.511386,0.999463,0.9274693025285592,1.80184299687068,True,True,92.7254409019665,46.0,,2,2,SA1015-A95736A-R03-C04,False
22,1.0,11000001,11500000,500000,66,0.4802119999999999,0.996129,0.781543350200807,1.51834503683405,True,True,84.44829065853129,46.0,,2,2,SA1015-A95736A-R03-C04,False
23,1.0,11500001,12000000,500000,100,0.519874,0.9993,1.05101873908136,2.04186893240629,True,True,95.14578216503072,46.0,,2,2,SA1015-A95736A-R03-C04,False
24,1.0,12000001,12500000,500000,67,0.4762939999999999,0.998406,0.8026252583202941,1.5593019595076103,True,True,83.4760672000471,46.0,,2,2,SA1015-A95736A-R03-C04,False
25,1.0,12500001,13000000,500000,102,0.462062,0.982103,1.27384761822289,2.47477022012233,True,True,80.0723717192308,46.0,,2,2,SA1015-A95736A-R03-C04,False
26,1.0,13000001,13500000,500000,0,-1.0,0.530345,,,False,False,,,,2,2,SA1015-A95736A-R03-C04,True
27,1.0,13500001,14000000,500000,26,-1.0,0.688451,,,False,False,,,,2,2,SA1015-A95736A-R03-C04,True
28,1.0,14000001,14500000,500000,120,0.4314,0.996742,1.63441542295546,3.1752641039448704,True,True,73.4207462280355,46.0,,2,2,SA1015-A95736A-R03-C04,False
29,1.0,14500001,15000000,500000,79,0.4311239999999999,0.996247,1.07680628126072,2.09196773584454,True,True,73.3650995307228,46.0,,2,2,SA1015-A95736A-R03-C04,False
30,1.0,15000001,15500000,500000,88,0.494934,0.999853,0.9973107150419028,1.9375275523439897,True,True,88.2372952308074,46.0,,2,2,SA1015-A95736A-R03-C04,False
31,1.0,15500001,16000000,500000,72,0.472726,0.998952,0.871629377751333,1.6933598620312602,True,True,82.6039161113967,46.0,,2,2,SA1015-A95736A-R03-C04,False
32,1.0,16000001,16500000,500000,56,0.5130819999999999,0.997441,0.60083676927031,1.16727693522641,True,True,93.2033505006851,46.0,,2,2,SA1015-A95736A-R03-C04,False
33,1.0,16500001,17000000,500000,35,0.479312,0.985594,0.415560397724711,0.8073308630007281,True,True,84.2236175334153,46.0,,2,2,SA1015-A95736A-R03-C04,False
34,1.0,17000001,17500000,500000,52,-1.0,0.893394,,,False,False,,,,2,2,SA1015-A95736A-R03-C04,True
35,1.0,17500001,18000000,500000,118,0.513392,0.999589,1.26485925429784,2.45730805663344,True,True,93.2910121019792,46.0,,2,2,SA1015-A95736A-R03-C04,False
36,1.0,18000001,18500000,500000,133,0.4945279999999999,0.999523,1.5091355070340202,2.93187627586671,True,True,88.12992562966829,46.0,,2,2,SA1015-A95736A-R03-C04,False
37,1.0,18500001,19000000,500000,295,0.4886979999999999,0.999556,3.40622509229668,6.61745117772344,True,False,86.6061378818314,46.0,,2,2,SA1015-A95736A-R03-C04,False
38,1.0,19000001,19500000,500000,179,0.49686,0.999692,2.01692724542017,3.91838977575874,True,True,88.7488631067159,46.0,,2,2,SA1015-A95736A-R03-C04,False
39,1.0,19500001,20000000,500000,138,0.477782,0.998335,1.64592338625924,3.19762122458555,True,True,83.84351370912759,46.0,,2,2,SA1015-A95736A-R03-C04,False
40,1.0,20000001,20500000,500000,55,0.4624939999999999,0.999567,0.686018741965597,1.33276439722886,True,True,80.172736742458,46.0,,2,2,SA1015-A95736A-R03-C04,False
41,1.0,20500001,21000000,500000,113,0.4851180000000001,0.99975,1.31875145111204,2.5620072387529103,True,True,85.6871095040027,46.0,,2,2,SA1015-A95736A-R03-C04,False
42,1.0,21000001,21500000,500000,78,0.41547,0.995106,1.10901930050968,2.1545496487807,True,True,70.33240987253589,46.0,,2,2,SA1015-A95736A-R03-C04,False
43,1.0,21500001,22000000,500000,82,0.505598,0.997961,0.899952645446434,1.74838495170892,True,True,91.1159052811304,46.0,,2,2,SA1015-A95736A-R03-C04,False
44,1.0,22000001,22500000,500000,106,0.4899199999999999,0.992288,1.21947368839146,2.36913515013996,True,True,86.92274463077509,46.0,,2,2,SA1015-A95736A-R03-C04,False
45,1.0,22500001,23000000,500000,160,0.493016,0.999995,1.82374627462325,3.54308702621207,True,True,87.73150203311741,46.0,,2,2,SA1015-A95736A-R03-C04,False
46,1.0,23000001,23500000,500000,159,0.47373,0.998816,1.91917598020768,3.72848329348685,True,True,82.8480564782778,46.0,,2,2,SA1015-A95736A-R03-C04,False
47,1.0,23500001,24000000,500000,88,0.472092,0.999129,1.0673101333098,2.07351907383927,True,True,82.45026188133929,46.0,,2,2,SA1015-A95736A-R03-C04,False
48,1.0,24000001,24500000,500000,74,0.473276,0.917174,0.894394548227313,1.73758694629473,True,True,82.7375347341593,46.0,,2,2,SA1015-A95736A-R03-C04,False
49,1.0,24500001,25000000,500000,74,0.456138,0.999192,0.940103833031728,1.82638875837871,True,True,78.7147093756212,46.0,,2,2,SA1015-A95736A-R03-C04,False
50,1.0,25000001,25500000,500000,65,0.482684,0.99398,0.764080960823337,1.4844199420383,True,True,85.0695192430383,46.0,,2,2,SA1015-A95736A-R03-C04,False
51,1.0,25500001,26000000,500000,44,0.4658239999999999,0.98842,0.543528039604502,1.0559402765075,True,True,80.9525853201917,46.0,,2,2,SA1015-A95736A-R03-C04,False
52,1.0,26000001,26500000,500000,93,0.487938,0.999261,1.07626462108759,2.09091542436969,True,True,86.4099759276868,46.0,,2,2,SA1015-A95736A-R03-C04,False
53,1.0,26500001,27000000,500000,56,0.48615,0.997855,0.651536026827463,1.26577302768666,True,True,85.95073440939541,46.0,,2,2,SA1015-A95736A-R03-C04,False
54,1.0,27000001,27500000,500000,75,0.492838,0.996179,0.855336907748386,1.66170763063503,True,True,87.6847465841643,46.0,,2,2,SA1015-A95736A-R03-C04,False
55,1.0,27500001,28000000,500000,117,0.498338,0.998121,1.31248423962523,2.54983160005886,True,True,89.1439275746336,46.0,,2,2,SA1015-A95736A-R03-C04,False
56,1.0,28000001,28500000,500000,33,0.444136,0.99659,0.4338075615790341,0.842780580111609,True,True,76.07059655641301,46.0,,2,2,SA1015-A95736A-R03-C04,False
57,1.0,28500001,29000000,500000,36,0.460588,0.998864,0.451516455751044,0.877184572631002,True,True,79.73131331419209,46.0,,2,2,SA1015-A95736A-R03-C04,False
58,1.0,29000001,29500000,500000,51,0.4490119999999999,0.99845,0.661241821089507,1.28462898051707,True,True,77.12760804507029,46.0,,2,2,SA1015-A95736A-R03-C04,False
59,1.0,29500001,30000000,500000,79,-1.0,0.7544390000000001,,,False,False,,,,2,2,SA1015-A95736A-R03-C04,True
60,1.0,30000001,30500000,500000,107,-1.0,0.942161,,,False,False,,,,2,2,SA1015-A95736A-R03-C04,False
61,1.0,30500001,31000000,500000,85,0.4815859999999999,0.990276,1.00244315028686,1.94749860203566,True,True,84.7928383526553,46.0,,2,2,SA1015-A95736A-R03-C04,False
62,1.0,31000001,31500000,500000,173,0.479274,0.995912,2.0542866263659,3.9909697940310096,True,True,84.2141489798055,46.0,,2,2,SA1015-A95736A-R03-C04,False
63,1.0,31500001,32000000,500000,76,0.46007,0.998933,0.95463034172371,1.85461016461207,True,True,79.6119677725433,46.0,,2,2,SA1015-A95736A-R03-C04,False
64,1.0,32000001,32500000,500000,93,0.488656,0.998856,1.07396150686445,2.08644104422292,True,True,86.595282424529,46.0,,2,2,SA1015-A95736A-R03-C04,False
65,1.0,32500001,33000000,500000,77,0.4754560000000001,0.999334,0.924701702334404,1.79646623559742,True,True,83.2700965139504,46.0,,2,2,SA1015-A95736A-R03-C04,False
66,1.0,33000001,33500000,500000,77,0.469764,0.997896,0.940291849656409,1.8267540280836496,True,True,81.88946870924859,46.0,,2,2,SA1015-A95736A-R03-C04,False
67,1.0,33500001,34000000,500000,73,0.465568,0.994841,0.9024351025780792,1.75320775067972,True,True,80.89224343274479,46.0,,2,2,SA1015-A95736A-R03-C04,False
68,1.0,34000001,34500000,500000,71,0.452504,0.995746,0.911435859050134,1.7706939898161498,True,True,77.89906365324892,46.0,,2,2,SA1015-A95736A-R03-C04,False
69,1.0,34500001,35000000,500000,131,0.4395239999999999,0.989484,1.74451564152265,3.38916154210091,True,True,75.09247660609141,46.0,,2,2,SA1015-A95736A-R03-C04,False
70,1.0,35000001,35500000,500000,71,0.452928,0.988414,0.910331617176338,1.76854872152347,True,True,77.99355604084971,46.0,,2,2,SA1015-A95736A-R03-C04,False
71,1.0,35500001,36000000,500000,74,0.4132659999999999,0.997992,1.05827812708774,2.05597212418333,True,True,69.9249073621499,46.0,,2,2,SA1015-A95736A-R03-C04,False
72,1.0,36000001,36500000,500000,102,0.4346359999999999,0.999594,1.37691197503267,2.6749987226058103,True,True,74.0788095750126,46.0,,2,2,SA1015-A95736A-R03-C04,False
73,1.0,36500001,37000000,500000,107,0.486274,0.999791,1.2444395470905902,2.4176376262168,True,True,85.98248123033251,46.0,,2,2,SA1015-A95736A-R03-C04,False
74,1.0,37000001,37500000,500000,86,0.48945,0.998553,0.990774303241069,1.9248289241566297,True,True,86.8007978392986,46.0,,2,2,SA1015-A95736A-R03-C04,False
75,1.0,37500001,38000000,500000,70,0.47098,0.996122,0.8517709060800821,1.6547797731681002,True,True,82.18172222170121,46.0,,2,2,SA1015-A95736A-R03-C04,False
76,1.0,38000001,38500000,500000,76,0.4754140000000001,0.998645,0.9128055505630848,1.7733549609704,True,True,83.2597916972763,46.0,,2,2,SA1015-A95736A-R03-C04,False
77,1.0,38500001,39000000,500000,113,0.45753,0.99888,1.42982582516433,2.77779721958815,True,True,79.03060499485159,46.0,,2,2,SA1015-A95736A-R03-C04,False
78,1.0,39000001,39500000,500000,56,0.44863,0.997265,0.726857862613436,1.41210468734633,True,True,77.0439488659455,46.0,,2,2,SA1015-A95736A-R03-C04,False
79,1.0,39500001,40000000,500000,60,0.439456,0.998169,0.7991666013341309,1.55258264615449,True,True,75.0782126027737,46.0,,2,2,SA1015-A95736A-R03-C04,False
80,1.0,40000001,40500000,500000,72,0.474774,0.99749,0.8663949027356159,1.68319057435386,True,True,83.1029819920018,46.0,,2,2,SA1015-A95736A-R03-C04,False
81,1.0,40500001,41000000,500000,101,0.4242260000000001,0.991994,1.40280052005593,2.72529374953787,True,True,71.99883273209291,46.0,,2,2,SA1015-A95736A-R03-C04,False
82,1.0,41000001,41500000,500000,88,0.469254,0.999377,1.07622443930901,2.09083736113229,True,True,81.7673310378456,46.0,,2,2,SA1015-A95736A-R03-C04,False
83,1.0,41500001,42000000,500000,92,0.459646,0.997271,1.15702200631945,2.2478070094915803,True,True,79.5144772506593,46.0,,2,2,SA1015-A95736A-R03-C04,False
84,1.0,42000001,42500000,500000,104,0.458744,0.993945,1.31134854061743,2.54762521835092,True,True,79.3076720480683,46.0,,2,2,SA1015-A95736A-R03-C04,False
85,1.0,42500001,43000000,500000,134,0.410184,0.992973,1.9318619519389493,3.75312899255222,True,True,69.3631342889218,46.0,,2,2,SA1015-A95736A-R03-C04,False
86,1.0,43000001,43500000,500000,55,0.444082,0.998365,0.7231226267316919,1.4048480497446,True,True,76.05902231075841,46.0,,2,2,SA1015-A95736A-R03-C04,False
87,1.0,43500001,44000000,500000,75,0.46556,0.994952,0.927180953551516,1.8012828062708202,True,True,80.8903587942748,46.0,,2,2,SA1015-A95736A-R03-C04,False
88,1.0,44000001,44500000,500000,130,0.489678,0.999805,1.4966625399535098,2.90764439204808,True,True,86.85992769220941,46.0,,2,2,SA1015-A95736A-R03-C04,False
89,1.0,44500001,45000000,500000,73,0.448976,0.999575,0.9465802276377092,1.83897078803073,True,True,77.1197177678,46.0,,2,2,SA1015-A95736A-R03-C04,False
90,1.0,45000001,45500000,500000,57,0.4763,0.998335,0.682818360125316,1.32654684847495,True,True,83.4775444373507,46.0,,2,2,SA1015-A95736A-R03-C04,False
91,1.0,45500001,46000000,500000,35,0.426884,0.991461,0.482627372247831,0.937625373057644,True,True,72.5197160637365,46.0,,2,2,SA1015-A95736A-R03-C04,False
92,1.0,46000001,46500000,500000,106,0.4251399999999999,0.992621,1.46860865912069,2.85314265428076,True,True,72.17715852463091,46.0,,2,2,SA1015-A95736A-R03-C04,False
93,1.0,46500001,47000000,500000,75,0.4775979999999999,0.994435,0.895009876030896,1.73878237571826,True,True,83.7979579986344,46.0,,2,2,SA1015-A95736A-R03-C04,False
94,1.0,47000001,47500000,500000,43,0.432612,0.993806,0.5837156851020711,1.13401491186534,True,True,73.6660005846526,46.0,,2,2,SA1015-A95736A-R03-C04,False
95,1.0,47500001,48000000,500000,59,0.44435,0.995963,0.775127669147155,1.5058809585673505,True,True,76.1164932544797,46.0,,2,2,SA1015-A95736A-R03-C04,False
96,1.0,48000001,48500000,500000,105,0.4783600000000001,0.998098,1.25019592219852,2.4288208364290496,True,True,83.98683609154101,46.0,,2,2,SA1015-A95736A-R03-C04,False
97,1.0,48500001,49000000,500000,65,0.40629,0.98244,0.946600091306825,1.83900937821694,True,True,68.6668008982172,46.0,,2,2,SA1015-A95736A-R03-C04,False
98,1.0,49000001,49500000,500000,83,0.42157,0.994978,1.16107741320344,2.25568566000158,True,True,71.48532824439451,46.0,,2,2,SA1015-A95736A-R03-C04,False
99,1.0,49500001,50000000,500000,46,0.378352,0.987045,0.717504308214654,1.39393304927341,True,True,64.1111133039194,46.0,,2,2,SA1015-A95736A-R03-C04,False
100,1.0,50000001,50500000,500000,97,0.371538,0.98492,1.53682312020717,2.98566644634469,True,True,63.1172180614541,46.0,,2,2,SA1015-A95736A-R03-C04,False
101,1.0,50500001,51000000,500000,78,0.418322,0.998959,1.10065549830139,2.13830085392017,True,True,70.86686081192092,46.0,,2,2,SA1015-A95736A-R03-C04,False
102,1.0,51000001,51500000,500000,65,0.382956,0.994276,1.00295208204121,1.94848733030404,True,True,64.8086794612479,46.0,,2,2,SA1015-A95736A-R03-C04,False
103,1.0,51500001,52000000,500000,49,0.4123439999999999,0.997733,0.7024499096072379,1.36468608376315,True,True,69.75586348555079,46.0,,2,2,SA1015-A95736A-R03-C04,False
104,1.0,52000001,52500000,500000,65,0.413904,0.998198,0.928009664253866,1.80289278578323,True,True,70.04237402232329,46.0,,2,2,SA1015-A95736A-R03-C04,False
105,1.0,52500001,53000000,500000,52,0.41308,0.997076,0.7440184763334979,1.44544350682984,True,True,69.8907374669706,46.0,,2,2,SA1015-A95736A-R03-C04,False
106,1.0,53000001,53500000,500000,160,0.431396,0.997921,2.17924451735425,4.2337320074727405,True,True,73.419939215564,46.0,,2,2,SA1015-A95736A-R03-C04,False
107,1.0,53500001,54000000,500000,104,0.492008,0.998528,1.18901790454082,2.30996711008099,True,True,87.4671437686745,46.0,,2,2,SA1015-A95736A-R03-C04,False
108,1.0,54000001,54500000,500000,80,0.459268,0.999284,1.00720512237744,1.95674993363156,True,True,79.4277136033275,46.0,,2,2,SA1015-A95736A-R03-C04,False
109,1.0,54500001,55000000,500000,56,0.4878520000000001,0.998269,0.6482395719060239,1.25936883274619,True,True,86.3878146706514,46.0,,2,2,SA1015-A95736A-R03-C04,False
110,1.0,55000001,55500000,500000,87,0.48352,0.997482,1.02015713087745,1.98191247620577,True,True,85.28098012231729,46.0,,2,2,SA1015-A95736A-R03-C04,False
111,1.0,55500001,56000000,500000,78,0.41857,0.997849,1.09992826594994,2.13688802169383,True,True,70.9137153890996,46.0,,2,2,SA1015-A95736A-R03-C04,False
112,1.0,56000001,56500000,500000,88,0.399154,0.997716,1.30506308939946,2.53541414437964,True,True,67.4296903458471,46.0,,2,2,SA1015-A95736A-R03-C04,False
113,1.0,56500001,57000000,500000,83,0.40812,0.990909,1.20303497141175,2.33719879711279,True,True,68.9921755995173,46.0,,2,2,SA1015-A95736A-R03-C04,False
114,1.0,57000001,57500000,500000,63,0.402878,0.998922,0.925531445631982,1.79807822118644,True,True,68.0690000294713,46.0,,2,2,SA1015-A95736A-R03-C04,False
115,1.0,57500001,58000000,500000,84,0.405918,0.998621,1.22447079234373,2.37884328466958,True,True,68.60106466011949,46.0,,2,2,SA1015-A95736A-R03-C04,False
116,1.0,58000001,58500000,500000,81,0.4045,0.998451,1.18504653963975,2.30225173231539,True,True,68.3517459361753,46.0,,2,2,SA1015-A95736A-R03-C04,False
117,1.0,58500001,59000000,500000,90,0.4139739999999999,0.978084,1.28469961623343,2.4958529627684,True,True,70.0552867477835,46.0,,2,2,SA1015-A95736A-R03-C04,False
118,1.0,59000001,59500000,500000,71,0.4223520000000001,0.99495,0.991124649929374,1.92550956094437,True,True,71.6357927381378,46.0,,2,2,SA1015-A95736A-R03-C04,False
119,1.0,59500001,60000000,500000,68,0.407466,0.994132,0.987288466212058,1.91805680671637,True,True,68.8755134159487,46.0,,2,2,SA1015-A95736A-R03-C04,False
120,1.0,60000001,60500000,500000,92,0.39498,0.991859,1.37870166334318,2.67847564344844,True,True,66.72944730980569,46.0,,2,2,SA1015-A95736A-R03-C04,False
121,1.0,60500001,61000000,500000,80,0.37483,0.988528,1.25802676001259,2.4440342135580098,True,True,63.5916520561134,46.0,,2,2,SA1015-A95736A-R03-C04,False
122,1.0,61000001,61500000,500000,81,0.399528,0.99414,1.20011955391579,2.33153486345619,True,True,67.4932757621609,46.0,,2,2,SA1015-A95736A-R03-C04,False
123,1.0,61500001,62000000,500000,59,0.395642,0.999885,0.8827134781655881,1.71489352212501,True,True,66.8393555320022,46.0,,2,2,SA1015-A95736A-R03-C04,False
124,1.0,62000001,62500000,500000,42,0.4022719999999999,0.997222,0.617973940569758,1.20057021189648,True,True,67.964030912496,46.0,,2,2,SA1015-A95736A-R03-C04,False
125,1.0,62500001,63000000,500000,71,0.430326,0.999605,0.9698839787194928,1.88424420093298,True,True,73.2046322630662,46.0,,2,2,SA1015-A95736A-R03-C04,False
126,1.0,63000001,63500000,500000,64,0.385316,0.995687,0.981980862785,1.9077454486594096,True,True,65.17438620798511,46.0,,2,2,SA1015-A95736A-R03-C04,False
127,1.0,63500001,64000000,500000,88,0.392878,0.992088,1.3256338128333502,2.5753779618977704,True,True,66.38333991489921,46.0,,2,2,SA1015-A95736A-R03-C04,False
128,1.0,64000001,64500000,500000,92,0.412872,0.997637,1.31705969524917,2.55872057638508,True,True,69.85256654034579,46.0,,2,2,SA1015-A95736A-R03-C04,False
129,1.0,64500001,65000000,500000,85,0.408236,0.992826,1.2316535746917,2.39279765063775,True,True,69.0129121910574,46.0,,2,2,SA1015-A95736A-R03-C04,False
130,1.0,65000001,65500000,500000,57,0.4055,0.998483,0.8317845211545349,1.61595118055304,True,True,68.52736321767901,46.0,,2,2,SA1015-A95736A-R03-C04,False
131,1.0,65500001,66000000,500000,58,0.409854,0.994359,0.8368980770675241,1.62588555238163,True,True,69.30354076476189,46.0,,2,2,SA1015-A95736A-R03-C04,False
132,1.0,66000001,66500000,500000,36,0.371378,0.982608,0.570573320797188,1.1084825551388,True,True,63.0944327184837,46.0,,2,2,SA1015-A95736A-R03-C04,False
133,1.0,66500001,67000000,500000,70,0.383796,0.992125,1.0779477208010302,2.09418526998443,True,True,64.938214209482,46.0,,2,2,SA1015-A95736A-R03-C04,False
134,1.0,67000001,67500000,500000,69,0.372432,0.994586,1.09099537658052,2.11953363151809,True,True,63.244997624339,46.0,,2,2,SA1015-A95736A-R03-C04,False
135,1.0,67500001,68000000,500000,62,0.4067739999999999,0.988319,0.901784946463741,1.75194465848001,True,True,68.7525337866049,46.0,,2,2,SA1015-A95736A-R03-C04,False
136,1.0,68000001,68500000,500000,110,0.4120319999999999,0.996549,1.57821828043297,3.0660869835569304,True,True,69.6988505099703,46.0,,2,2,SA1015-A95736A-R03-C04,False
137,1.0,68500001,69000000,500000,92,0.396932,0.998536,1.37201268383638,2.66548061401978,True,True,67.0547736794624,46.0,,2,2,SA1015-A95736A-R03-C04,False
138,1.0,69000001,69500000,500000,28,0.373348,0.983537,0.4418024489831209,0.858312664937004,True,True,63.376742397980095,46.0,,2,2,SA1015-A95736A-R03-C04,False
139,1.0,69500001,70000000,500000,75,0.369204,0.990829,1.19450815353104,2.32063330320148,True,True,62.7873487328617,46.0,,2,2,SA1015-A95736A-R03-C04,False
140,1.0,70000001,70500000,500000,68,0.353898,0.989137,1.11919829772195,2.1743249176678603,True,True,60.7577764712556,46.0,,2,2,SA1015-A95736A-R03-C04,False
141,1.0,70500001,71000000,500000,189,0.3768780000000001,0.997051,2.95810672703894,5.74686825276035,True,True,63.8922180435284,46.0,,2,2,SA1015-A95736A-R03-C04,False
142,1.0,71000001,71500000,500000,57,0.377052,0.99276,0.8917683333130891,1.7324848615803603,True,True,63.91794580576122,46.0,,2,2,SA1015-A95736A-R03-C04,False
143,1.0,71500001,72000000,500000,82,0.368094,0.986446,1.30922731962583,2.54350421167383,True,True,62.6323624406454,46.0,,2,2,SA1015-A95736A-R03-C04,False
144,1.0,72000001,72500000,500000,83,0.353606,0.989156,1.36690063554121,2.6555491711189703,True,True,60.7213120265594,46.0,,2,2,SA1015-A95736A-R03-C04,False
145,1.0,72500001,73000000,500000,50,0.344518,0.998939,0.838523541800275,1.62904342751279,True,True,59.6286180500694,46.0,,2,2,SA1015-A95736A-R03-C04,False
146,1.0,73000001,73500000,500000,47,0.350444,0.995263,0.7790246313404972,1.51345179031132,True,True,60.3318535886668,46.0,,2,2,SA1015-A95736A-R03-C04,False
147,1.0,73500001,74000000,500000,63,0.349042,0.995547,1.04716673156318,2.0343854364549,True,True,60.162339101391495,46.0,,2,2,SA1015-A95736A-R03-C04,False
148,1.0,74000001,74500000,500000,106,0.357042,0.999693,1.7332796166990398,3.36733273053173,True,True,61.155741392651215,46.0,,2,2,SA1015-A95736A-R03-C04,False
149,1.0,74500001,75000000,500000,60,0.356602,0.98954,0.982005444439888,1.9077932047227,True,True,61.0994575841914,46.0,,2,2,SA1015-A95736A-R03-C04,False
150,1.0,75000001,75500000,500000,50,0.37175,0.995147,0.7917976392705419,1.53826657914042,True,True,63.147447681283104,46.0,,2,2,SA1015-A95736A-R03-C04,False
151,1.0,75500001,76000000,500000,82,0.374126,0.985104,1.29155638623986,2.50917396755375,True,True,63.489291581553495,46.0,,2,2,SA1015-A95736A-R03-C04,False
152,1.0,76000001,76500000,500000,72,0.380542,0.991098,1.1173130634866202,2.1706623747727702,True,True,64.4403098405753,46.0,,2,2,SA1015-A95736A-R03-C04,False
153,1.0,76500001,77000000,500000,77,0.3896219999999999,0.996921,1.16922025385503,2.2715051813191,True,True,65.8558554268316,46.0,,2,2,SA1015-A95736A-R03-C04,False
154,1.0,77000001,77500000,500000,56,0.386936,0.991008,0.8558946398894599,1.66279116596044,True,True,65.4286139789735,46.0,,2,2,SA1015-A95736A-R03-C04,False
155,1.0,77500001,78000000,500000,49,0.3829579999999999,0.996847,0.7560679811888249,1.46885270849305,True,True,64.8089870476375,46.0,,2,2,SA1015-A95736A-R03-C04,False
156,1.0,78000001,78500000,500000,20,0.388162,0.995439,0.30477240835818,0.592097256634204,True,True,65.6227383172272,46.0,,2,2,SA1015-A95736A-R03-C04,False
157,1.0,78500001,79000000,500000,46,0.384694,0.992357,0.7068498988186941,1.37323417233639,True,True,65.07746563574021,46.0,,2,2,SA1015-A95736A-R03-C04,False
158,1.0,79000001,79500000,500000,143,0.360244,0.990576,2.3225179321871297,4.51207674454443,True,True,61.571106951728,46.0,,2,2,SA1015-A95736A-R03-C04,False
159,1.0,79500001,80000000,500000,49,0.35694,0.994438,0.8014042340317791,1.55692981192572,True,True,61.1426767157022,46.0,,2,2,SA1015-A95736A-R03-C04,False
160,1.0,80000001,80500000,500000,66,0.355616,0.993634,1.08242810173177,2.1028895397444702,True,True,60.97402672233578,46.0,,2,2,SA1015-A95736A-R03-C04,False
161,1.0,80500001,81000000,500000,54,0.35124,0.992152,0.89361122620344,1.73606514573576,True,True,60.4289633081516,46.0,,2,2,SA1015-A95736A-R03-C04,False
162,1.0,81000001,81500000,500000,68,0.351246,0.986116,1.1252745358398002,2.18612954243562,True,True,60.429697673067295,46.0,,2,2,SA1015-A95736A-R03-C04,False
163,1.0,81500001,82000000,500000,59,0.368816,0.99803,0.940493319236461,1.82714543354678,True,True,62.7330346672735,46.0,,2,2,SA1015-A95736A-R03-C04,False
164,1.0,82000001,82500000,500000,308,0.364988,0.998756,4.95135753394719,9.619260576304528,True,False,62.2051625010534,46.0,,2,2,SA1015-A95736A-R03-C04,False
165,1.0,82500001,83000000,500000,97,0.371044,0.988183,1.53853596422424,2.98899407776977,True,True,63.0469499937294,46.0,,2,2,SA1015-A95736A-R03-C04,False
166,1.0,83000001,83500000,500000,64,0.36098,0.995969,1.0378151267849398,2.0162175860115097,True,True,61.6680161506859,46.0,,2,2,SA1015-A95736A-R03-C04,False
167,1.0,83500001,84000000,500000,44,0.367092,0.933842,0.704073184189074,1.36783970397388,True,True,62.493503499465895,46.0,,2,2,SA1015-A95736A-R03-C04,False
168,1.0,84000001,84500000,500000,82,0.3813,0.996867,1.27022765665159,2.46773753193696,True,True,64.5553571209101,46.0,,2,2,SA1015-A95736A-R03-C04,False
169,1.0,84500001,85000000,500000,56,0.374536,0.98507,0.881211920933979,1.71197636856014,True,True,63.5488452546655,46.0,,2,2,SA1015-A95736A-R03-C04,False
170,1.0,85000001,85500000,500000,67,0.403988,0.99939,0.981509343773917,1.90682940407907,True,True,68.2622131159588,46.0,,2,2,SA1015-A95736A-R03-C04,False
171,1.0,85500001,86000000,500000,78,0.3951159999999999,0.996336,1.1685044680033,2.2701145868049,True,True,66.7519912296813,46.0,,2,2,SA1015-A95736A-R03-C04,False
172,1.0,86000001,86500000,500000,52,0.377086,0.974024,0.81347901474247,1.58038811831171,True,True,63.9229765705291,46.0,,2,2,SA1015-A95736A-R03-C04,False
173,1.0,86500001,87000000,500000,70,0.378056,0.990248,1.09260646042288,2.12266356814328,True,True,64.0669834341884,46.0,,2,2,SA1015-A95736A-R03-C04,False
174,1.0,87000001,87500000,500000,432,0.38553,0.984248,6.62497223676335,12.8706791661249,True,False,65.2078204347397,46.0,,2,2,SA1015-A95736A-R03-C04,False
175,1.0,87500001,88000000,500000,113,0.403886,0.999267,1.6558133352678002,3.2168349444487405,True,True,68.24440750244601,46.0,,2,2,SA1015-A95736A-R03-C04,False
176,1.0,88000001,88500000,500000,68,0.380748,0.998117,1.05472928697746,2.04907760737043,True,True,64.4715196966493,46.0,,2,2,SA1015-A95736A-R03-C04,False
177,1.0,88500001,89000000,500000,61,0.373594,0.994112,0.96195901317427,1.86884795695038,True,True,63.4122651428904,46.0,,2,2,SA1015-A95736A-R03-C04,False
178,1.0,89000001,89500000,500000,120,0.38298,0.999074,1.8514983882576104,3.5970025051008,True,True,64.8123707593009,46.0,,2,2,SA1015-A95736A-R03-C04,False
179,1.0,89500001,90000000,500000,36,0.3906239999999999,0.990267,0.54531354694688,1.05940907476524,True,True,66.0170652307429,46.0,,2,2,SA1015-A95736A-R03-C04,False
180,1.0,90000001,90500000,500000,91,0.40092,0.988575,1.34354718870466,2.61017921168149,True,True,67.7311528504891,46.0,,2,2,SA1015-A95736A-R03-C04,False
181,1.0,90500001,91000000,500000,61,0.38393,0.990753,0.939054693140098,1.82435053958126,True,True,64.95894269589621,46.0,,2,2,SA1015-A95736A-R03-C04,False
182,1.0,91000001,91500000,500000,88,0.38992,0.997677,1.3352817075150702,2.59412143019307,True,True,65.903696204875,46.0,,2,2,SA1015-A95736A-R03-C04,False
183,1.0,91500001,92000000,500000,63,0.3950639999999999,0.983632,0.943913989199325,1.8337909475281,True,True,66.743369333301,46.0,,2,2,SA1015-A95736A-R03-C04,False
184,1.0,92000001,92500000,500000,82,0.4219560000000001,0.997822,1.1458992014243998,2.22619815618391,True,True,71.5595227730946,46.0,,2,2,SA1015-A95736A-R03-C04,False
185,1.0,92500001,93000000,500000,54,0.394204,0.996067,0.810796631645463,1.57517691273855,True,True,66.6011646970095,46.0,,2,2,SA1015-A95736A-R03-C04,False
186,1.0,93000001,93500000,500000,71,0.393194,0.99519,1.06871230206247,2.07624314022136,True,True,66.4350918979594,46.0,,2,2,SA1015-A95736A-R03-C04,False
187,1.0,93500001,94000000,500000,56,0.384482,0.993513,0.860948789230719,1.6726101255431003,True,True,65.04451914037479,46.0,,2,2,SA1015-A95736A-R03-C04,False
188,1.0,94000001,94500000,500000,80,0.432008,0.990933,1.08779015439392,2.11330667917088,True,True,73.5435963240293,46.0,,2,2,SA1015-A95736A-R03-C04,False
189,1.0,94500001,95000000,500000,67,0.404182,0.995383,0.981022240123415,1.90588308240674,True,True,68.2961071214566,46.0,,2,2,SA1015-A95736A-R03-C04,False
190,1.0,95000001,95500000,500000,51,0.425272,0.999509,0.7063420304664241,1.37224750999471,True,True,72.20298070939201,46.0,,2,2,SA1015-A95736A-R03-C04,False
191,1.0,95500001,96000000,500000,63,0.392104,0.99453,0.950842959200652,1.8472522190099496,True,True,66.2569979515465,46.0,,2,2,SA1015-A95736A-R03-C04,False
192,1.0,96000001,96500000,500000,61,0.3697760000000001,0.99986,0.9702917068610232,1.88503631566329,True,True,62.86769181748471,46.0,,2,2,SA1015-A95736A-R03-C04,False
193,1.0,96500001,97000000,500000,48,0.374178,0.986689,0.7559431837958079,1.46861025808739,True,True,63.496835514778006,46.0,,2,2,SA1015-A95736A-R03-C04,False
194,1.0,97000001,97500000,500000,66,0.37358,0.991894,1.04084132162855,2.02209673260024,True,True,63.41024191538961,46.0,,2,2,SA1015-A95736A-R03-C04,False
195,1.0,97500001,98000000,500000,82,0.359166,0.991743,1.3348497527811,2.59328224919781,True,True,61.43013461189671,46.0,,2,2,SA1015-A95736A-R03-C04,False
196,1.0,98000001,98500000,500000,75,0.343234,0.997254,1.26091046396599,2.44963653566111,True,True,59.480829244686696,46.0,,2,2,SA1015-A95736A-R03-C04,False
197,1.0,98500001,99000000,500000,52,0.362604,0.995949,0.8402852706669169,1.63246603008529,True,True,61.8837456935651,46.0,,2,2,SA1015-A95736A-R03-C04,False
198,1.0,99000001,99500000,500000,176,0.36724,0.994427,2.81537156248227,5.469569202578911,True,True,62.5139510341659,46.0,,2,2,SA1015-A95736A-R03-C04,False
199,1.0,99500001,100000000,500000,50,0.370984,0.989693,0.793166938331246,1.54092678785722,True,True,63.0384318655486,46.0,,2,2,SA1015-A95736A-R03-C04,False
200,1.0,100000001,100500000,500000,61,0.38249,0.998756,0.942272380892739,1.8306017094339,True,True,64.73711979354279,46.0,,2,2,SA1015-A95736A-R03-C04,False
201,1.0,100500001,101000000,500000,62,0.3860659999999999,0.998394,0.949583819188872,1.84480602202411,True,True,65.2917612401609,46.0,,2,2,SA1015-A95736A-R03-C04,False
202,1.0,101000001,101500000,500000,49,0.377296,0.994636,0.766174798575007,1.48848774986671,True,True,63.954074306717104,46.0,,2,2,SA1015-A95736A-R03-C04,False
203,1.0,101500001,102000000,500000,81,0.3886179999999999,0.999218,1.23296452383631,2.39534449992865,True,True,65.69532085803449,46.0,,2,2,SA1015-A95736A-R03-C04,False
204,1.0,102000001,102500000,500000,58,0.3549199999999999,0.996926,0.9525988955371292,1.85066356813191,True,True,60.8860668133531,46.0,,2,2,SA1015-A95736A-R03-C04,False
205,1.0,102500001,103000000,500000,92,0.346786,0.993212,1.53605590200756,2.9841759315252103,True,True,59.893653531593294,46.0,,2,2,SA1015-A95736A-R03-C04,False
206,1.0,103000001,103500000,500000,42,0.346954,0.992409,0.701010759592031,1.36189017195316,True,True,59.9134883813237,46.0,,2,2,SA1015-A95736A-R03-C04,False
207,1.0,103500001,104000000,500000,18,-1.0,0.743503,,,False,False,,,,2,2,SA1015-A95736A-R03-C04,True
208,1.0,104000001,104500000,500000,52,0.3512679999999999,0.903889,0.860465711206237,1.67167162466443,True,True,60.432390649366205,46.0,,2,2,SA1015-A95736A-R03-C04,False
209,1.0,104500001,105000000,500000,58,0.351878,0.994056,0.958562810779972,1.8622499773909,True,True,60.5072503833171,46.0,,2,2,SA1015-A95736A-R03-C04,False
210,1.0,105000001,105500000,500000,47,0.351526,0.976293,0.7773219441585121,1.51014389109961,True,True,60.4640076781568,46.0,,2,2,SA1015-A95736A-R03-C04,False
211,1.0,105500001,106000000,500000,44,0.339752,0.995348,0.7446487029380359,1.44666788093121,True,True,59.08826514623139,46.0,,2,2,SA1015-A95736A-R03-C04,False
212,1.0,106000001,106500000,500000,62,0.345954,0.990475,1.03686150226264,2.01436492990475,True,True,59.7958356682195,46.0,,2,2,SA1015-A95736A-R03-C04,False
213,1.0,106500001,107000000,500000,70,0.348978,0.996196,1.1636673650728602,2.2607172946071,True,True,60.154647368337,46.0,,2,2,SA1015-A95736A-R03-C04,False
214,1.0,107000001,107500000,500000,48,0.358956,0.999288,0.781723228005603,1.51869449482902,True,True,61.4028063646792,46.0,,2,2,SA1015-A95736A-R03-C04,False
215,1.0,107500001,108000000,500000,62,0.371584,0.999191,0.982197301024492,1.90816593451811,True,True,63.1237735385041,46.0,,2,2,SA1015-A95736A-R03-C04,False
216,1.0,108000001,108500000,500000,49,0.382384,0.99672,0.757097336116596,1.4708524900091002,True,True,64.7208722874886,46.0,,2,2,SA1015-A95736A-R03-C04,False
217,1.0,108500001,109000000,500000,20,0.39712,0.978318,0.298123437408573,0.579179953916708,True,True,67.086305504355,46.0,,2,2,SA1015-A95736A-R03-C04,False
218,1.0,109000001,109500000,500000,79,0.403496,0.988976,1.15875837199458,2.25118033766882,True,True,68.1764222026864,46.0,,2,2,SA1015-A95736A-R03-C04,False
219,1.0,109500001,110000000,500000,136,0.450006,0.998795,1.7583332735532902,3.41600577666466,True,True,77.3459741935993,46.0,,2,2,SA1015-A95736A-R03-C04,False
220,1.0,110000001,110500000,500000,96,0.472342,0.985473,1.16348400272001,2.26036106699882,True,True,82.5108035654724,46.0,,2,2,SA1015-A95736A-R03-C04,False
221,1.0,110500001,111000000,500000,141,0.468466,0.999561,1.72838338220846,3.3578205603673603,True,True,81.5791226943154,46.0,,2,2,SA1015-A95736A-R03-C04,False
222,1.0,111000001,111500000,500000,101,0.4240640000000001,0.996094,1.40341492729744,2.7264873905374403,True,True,71.9673120439838,46.0,,2,2,SA1015-A95736A-R03-C04,False
223,1.0,111500001,112000000,500000,86,0.4007239999999999,0.994024,1.27035630354096,2.46798746096,True,True,67.69754261878,46.0,,2,2,SA1015-A95736A-R03-C04,False
224,1.0,112000001,112500000,500000,104,0.4346239999999999,0.997079,1.4039568607953,2.7275402330145098,True,True,74.07635013876941,46.0,,2,2,SA1015-A95736A-R03-C04,False
225,1.0,112500001,113000000,500000,76,0.4320600000000001,0.985784,1.0332527907701998,2.00735409783447,True,True,73.5541202297148,46.0,,2,2,SA1015-A95736A-R03-C04,False
226,1.0,113000001,113500000,500000,308,0.440924,0.996486,4.08557612426425,7.9372618669079005,True,False,75.3871646573384,46.0,,2,2,SA1015-A95736A-R03-C04,False
227,1.0,113500001,114000000,500000,53,0.413718,0.989465,0.7570553995328041,1.47077101762008,True,True,70.0080866376589,46.0,,2,2,SA1015-A95736A-R03-C04,False
228,1.0,114000001,114500000,500000,44,0.385592,0.984452,0.674665382319117,1.31070763317835,True,True,65.217515457445,46.0,,2,2,SA1015-A95736A-R03-C04,False
229,1.0,114500001,115000000,500000,89,0.4307899999999999,0.998038,1.21422371973613,2.35893576216066,True,True,73.29785982054509,46.0,,2,2,SA1015-A95736A-R03-C04,False
230,1.0,115000001,115500000,500000,127,0.387778,0.997266,1.93710433163284,3.76331363706025,True,True,65.5617758558974,46.0,,2,2,SA1015-A95736A-R03-C04,False
231,1.0,115500001,116000000,500000,37,0.411884,0.991531,0.531061045824615,1.0317199973315898,True,True,69.6718395952909,46.0,,2,2,SA1015-A95736A-R03-C04,False
232,1.0,116000001,116500000,500000,64,0.419806,0.995968,0.899531589951203,1.7475669452333302,True,True,71.1481405599906,46.0,,2,2,SA1015-A95736A-R03-C04,False
233,1.0,116500001,117000000,500000,60,0.4154060000000001,0.993711,0.853236145184298,1.65762636961229,True,True,70.32050896887411,46.0,,2,2,SA1015-A95736A-R03-C04,False
234,1.0,117000001,117500000,500000,76,0.442456,0.991496,1.00380572879955,1.95014575439324,True,True,75.7118611894042,46.0,,2,2,SA1015-A95736A-R03-C04,False
235,1.0,117500001,118000000,500000,88,0.4099399999999999,0.992553,1.2694920988692,2.46630852546162,True,True,69.31906081052901,46.0,,2,2,SA1015-A95736A-R03-C04,False
236,1.0,118000001,118500000,500000,78,0.40558,0.997968,1.13799742911217,2.21084697090496,True,True,68.54145537117179,46.0,,2,2,SA1015-A95736A-R03-C04,False
237,1.0,118500001,119000000,500000,52,0.3778579999999999,0.994916,0.8120240454313271,1.57756147353026,True,True,64.037512549741,46.0,,2,2,SA1015-A95736A-R03-C04,False
238,1.0,119000001,119500000,500000,90,0.37629,0.980248,1.4105367588786102,2.74032334427136,True,True,63.805497753600505,46.0,,2,2,SA1015-A95736A-R03-C04,False
239,1.0,119500001,120000000,500000,105,0.412134,0.994144,1.50607855966556,2.9259373847437,True,True,69.7174787637346,46.0,,2,2,SA1015-A95736A-R03-C04,False
240,1.0,120000001,120500000,500000,79,0.4255060000000001,0.994533,1.09344378474245,2.1242902817792,True,True,72.24879879728591,46.0,,2,2,SA1015-A95736A-R03-C04,False
241,1.0,120500001,121000000,500000,8,-1.0,0.71839,,,False,False,,,,2,2,SA1015-A95736A-R03-C04,True
242,1.0,121000001,121500000,500000,16,-1.0,0.638421,,,False,False,,,,2,2,SA1015-A95736A-R03-C04,True
243,1.0,121500001,122000000,500000,0,-1.0,0.0,,,False,False,,,,2,2,SA1015-A95736A-R03-C04,True
244,1.0,122000001,122500000,500000,0,-1.0,0.0,,,False,False,,,,2,2,SA1015-A95736A-R03-C04,True
245,1.0,122500001,123000000,500000,0,-1.0,0.0,,,False,False,,,,2,2,SA1015-A95736A-R03-C04,True
246,1.0,123000001,123500000,500000,0,-1.0,0.0,,,False,False,,,,2,2,SA1015-A95736A-R03-C04,True
247,1.0,123500001,124000000,500000,0,-1.0,0.0,,,False,False,,,,2,2,SA1015-A95736A-R03-C04,True
248,1.0,124000001,124500000,500000,0,-1.0,0.0,,,False,False,,,,2,2,SA1015-A95736A-R03-C04,True
249,1.0,124500001,125000000,500000,0,-1.0,0.0,,,False,False,,,,2,2,SA1015-A95736A-R03-C04,True
250,1.0,125000001,125500000,500000,0,-1.0,0.0,,,False,False,,,,2,2,SA1015-A95736A-R03-C04,True
251,1.0,125500001,126000000,500000,0,-1.0,0.0,,,False,False,,,,2,2,SA1015-A95736A-R03-C04,True
252,1.0,126000001,126500000,500000,0,-1.0,0.0,,,False,False,,,,2,2,SA1015-A95736A-R03-C04,True
253,1.0,126500001,127000000,500000,0,-1.0,0.0,,,False,False,,,,2,2,SA1015-A95736A-R03-C04,True
254,1.0,127000001,127500000,500000,0,-1.0,0.0,,,False,False,,,,2,2,SA1015-A95736A-R03-C04,True
255,1.0,127500001,128000000,500000,0,-1.0,0.0,,,False,False,,,,2,2,SA1015-A95736A-R03-C04,True
256,1.0,128000001,128500000,500000,0,-1.0,0.0,,,False,False,,,,2,2,SA1015-A95736A-R03-C04,True
257,1.0,128500001,129000000,500000,0,-1.0,0.0,,,False,False,,,,2,2,SA1015-A95736A-R03-C04,True
258,1.0,129000001,129500000,500000,0,-1.0,0.0,,,False,False,,,,2,2,SA1015-A95736A-R03-C04,True
259,1.0,129500001,130000000,500000,0,-1.0,0.0,,,False,False,,,,2,2,SA1015-A95736A-R03-C04,True
260,1.0,130000001,130500000,500000,0,-1.0,0.0,,,False,False,,,,2,2,SA1015-A95736A-R03-C04,True
261,1.0,130500001,131000000,500000,0,-1.0,0.0,,,False,False,,,,2,2,SA1015-A95736A-R03-C04,True
262,1.0,131000001,131500000,500000,0,-1.0,0.0,,,False,False,,,,2,2,SA1015-A95736A-R03-C04,True
263,1.0,131500001,132000000,500000,0,-1.0,0.0,,,False,False,,,,2,2,SA1015-A95736A-R03-C04,True
264,1.0,132000001,132500000,500000,0,-1.0,0.0,,,False,False,,,,2,2,SA1015-A95736A-R03-C04,True
265,1.0,132500001,133000000,500000,0,-1.0,0.0,,,False,False,,,,2,2,SA1015-A95736A-R03-C04,True
266,1.0,133000001,133500000,500000,0,-1.0,0.0,,,False,False,,,,2,2,SA1015-A95736A-R03-C04,True
267,1.0,133500001,134000000,500000,0,-1.0,0.0,,,False,False,,,,2,2,SA1015-A95736A-R03-C04,True
268,1.0,134000001,134500000,500000,0,-1.0,0.0,,,False,False,,,,2,2,SA1015-A95736A-R03-C04,True
269,1.0,134500001,135000000,500000,0,-1.0,0.0,,,False,False,,,,2,2,SA1015-A95736A-R03-C04,True
270,1.0,135000001,135500000,500000,0,-1.0,0.0,,,False,False,,,,2,2,SA1015-A95736A-R03-C04,True
271,1.0,135500001,136000000,500000,0,-1.0,0.0,,,False,False,,,,2,2,SA1015-A95736A-R03-C04,True
272,1.0,136000001,136500000,500000,0,-1.0,0.0,,,False,False,,,,2,2,SA1015-A95736A-R03-C04,True
273,1.0,136500001,137000000,500000,0,-1.0,0.0,,,False,False,,,,2,2,SA1015-A95736A-R03-C04,True
274,1.0,137000001,137500000,500000,0,-1.0,0.0,,,False,False,,,,2,2,SA1015-A95736A-R03-C04,True
275,1.0,137500001,138000000,500000,0,-1.0,0.0,,,False,False,,,,2,2,SA1015-A95736A-R03-C04,True
276,1.0,138000001,138500000,500000,0,-1.0,0.0,,,False,False,,,,2,2,SA1015-A95736A-R03-C04,True
277,1.0,138500001,139000000,500000,0,-1.0,0.0,,,False,False,,,,2,2,SA1015-A95736A-R03-C04,True
278,1.0,139000001,139500000,500000,0,-1.0,0.0,,,False,False,,,,2,2,SA1015-A95736A-R03-C04,True
279,1.0,139500001,140000000,500000,0,-1.0,0.0,,,False,False,,,,2,2,SA1015-A95736A-R03-C04,True
280,1.0,140000001,140500000,500000,0,-1.0,0.0,,,False,False,,,,2,2,SA1015-A95736A-R03-C04,True
281,1.0,140500001,141000000,500000,0,-1.0,0.0,,,False,False,,,,2,2,SA1015-A95736A-R03-C04,True
282,1.0,141000001,141500000,500000,0,-1.0,0.0,,,False,False,,,,2,2,SA1015-A95736A-R03-C04,True
283,1.0,141500001,142000000,500000,0,-1.0,0.0,,,False,False,,,,2,2,SA1015-A95736A-R03-C04,True
284,1.0,142000001,142500000,500000,0,-1.0,0.0,,,False,False,,,,2,2,SA1015-A95736A-R03-C04,True
285,1.0,142500001,143000000,500000,8,-1.0,0.6330319999999999,,,False,False,,,,2,2,SA1015-A95736A-R03-C04,True
286,1.0,143000001,143500000,500000,6,-1.0,0.54686,,,False,False,,,,2,2,SA1015-A95736A-R03-C04,True
287,1.0,143500001,144000000,500000,0,-1.0,0.454294,,,False,False,,,,2,2,SA1015-A95736A-R03-C04,True
288,1.0,144000001,144500000,500000,25,-1.0,0.391278,,,False,False,,,,2,2,SA1015-A95736A-R03-C04,True
289,1.0,144500001,145000000,500000,14,-1.0,0.6001489999999999,,,False,False,,,,2,2,SA1015-A95736A-R03-C04,True
290,1.0,145000001,145500000,500000,52,0.418954,0.897085,0.7325348421264241,1.42313365159449,True,False,70.9863845507373,46.0,,2,2,SA1015-A95736A-R03-C04,True
291,1.0,145500001,146000000,500000,45,-1.0,0.787441,,,False,False,,,,2,2,SA1015-A95736A-R03-C04,True
292,1.0,146000001,146500000,500000,12,-1.0,0.480462,,,False,False,,,,2,2,SA1015-A95736A-R03-C04,True
293,1.0,146500001,147000000,500000,143,0.401916,0.984315,2.10595965395202,4.09135768032474,True,True,67.9025354221045,46.0,,2,2,SA1015-A95736A-R03-C04,False
294,1.0,147000001,147500000,500000,69,0.421954,0.925397,0.964237439996282,1.8732743755951,True,True,71.5591379652983,46.0,,2,2,SA1015-A95736A-R03-C04,False
295,1.0,147500001,148000000,500000,11,0.4230640000000001,0.6282800000000001,0.1532603026740669,0.297746785061972,True,False,71.77331512513899,46.0,,2,2,SA1015-A95736A-R03-C04,True
296,1.0,148000001,148500000,500000,0,-1.0,0.2261119999999999,,,False,False,,,,2,2,SA1015-A95736A-R03-C04,True
297,1.0,148500001,149000000,500000,0,-1.0,0.58433,,,False,False,,,,2,2,SA1015-A95736A-R03-C04,True
298,1.0,149000001,149500000,500000,44,-1.0,0.81593,,,False,False,,,,2,2,SA1015-A95736A-R03-C04,True
299,1.0,149500001,150000000,500000,49,-1.0,0.8981899999999999,,,False,False,,,,2,2,SA1015-A95736A-R03-C04,True
300,1.0,150000001,150500000,500000,76,0.434554,0.999585,1.02616717840612,1.993588509063,True,True,74.0620062688481,46.0,,2,2,SA1015-A95736A-R03-C04,False
301,1.0,150500001,151000000,500000,53,0.4415779999999999,0.995019,0.7017498231908239,1.36332598936091,True,True,75.52549106319891,46.0,,2,2,SA1015-A95736A-R03-C04,False
302,1.0,151000001,151500000,500000,51,0.4653859999999999,0.999947,0.630802583013177,1.22549308479698,True,True,80.8493835843007,46.0,,2,2,SA1015-A95736A-R03-C04,False
303,1.0,151500001,152000000,500000,114,0.447812,0.995677,1.48311415470271,2.8813232372492097,True,True,76.8652902667842,46.0,,2,2,SA1015-A95736A-R03-C04,False
304,1.0,152000001,152500000,500000,110,0.414476,0.984581,1.56811242623444,3.0464538134181702,True,True,70.1480315822421,46.0,,2,2,SA1015-A95736A-R03-C04,False
305,1.0,152500001,153000000,500000,116,0.413722,0.991166,1.6569339972895198,3.21901211301938,True,True,70.0088236403849,46.0,,2,2,SA1015-A95736A-R03-C04,False
306,1.0,153000001,153500000,500000,98,0.428868,0.991947,1.34406618647715,2.61118749572843,True,True,72.9130759972926,46.0,,2,2,SA1015-A95736A-R03-C04,False
307,1.0,153500001,154000000,500000,85,0.481642,0.998618,1.00227669278198,1.9471752163574296,True,True,84.8069206957898,46.0,,2,2,SA1015-A95736A-R03-C04,False
308,1.0,154000001,154500000,500000,96,0.456038,0.998717,1.21994473024622,2.37005026772382,True,True,78.6920895839474,46.0,,2,2,SA1015-A95736A-R03-C04,False
309,1.0,154500001,155000000,500000,92,0.48423,0.998202,1.07651300399117,2.09139797079372,True,True,85.46111348298679,46.0,,2,2,SA1015-A95736A-R03-C04,False
310,1.0,155000001,155500000,500000,68,0.482054,0.994708,0.800842090578478,1.55583770651393,True,True,84.9106219565471,46.0,,2,2,SA1015-A95736A-R03-C04,False
311,1.0,155500001,156000000,500000,56,0.4570359999999999,0.976135,0.709594797076984,1.37856682937456,True,True,78.9182787566642,46.0,,2,2,SA1015-A95736A-R03-C04,False
312,1.0,156000001,156500000,500000,85,0.504446,0.997298,0.9361283672954528,1.81866541370662,True,True,90.7995131539188,46.0,,2,2,SA1015-A95736A-R03-C04,False
313,1.0,156500001,157000000,500000,66,0.5040899999999999,0.998005,0.727657564261047,1.4136583094548,True,True,90.7020049561698,46.0,,2,2,SA1015-A95736A-R03-C04,False
314,1.0,157000001,157500000,500000,73,0.438532,0.994967,0.974830104086881,1.89385329670636,True,True,74.88484372195171,46.0,,2,2,SA1015-A95736A-R03-C04,False
315,1.0,157500001,158000000,500000,71,0.407636,0.996621,1.03039225076036,2.00179677753292,True,True,68.905797716944,46.0,,2,2,SA1015-A95736A-R03-C04,False
316,1.0,158000001,158500000,500000,42,0.405832,0.990622,0.612370879688111,1.1896848532295,True,True,68.58588707123239,46.0,,2,2,SA1015-A95736A-R03-C04,False
317,1.0,158500001,159000000,500000,74,0.372336,0.988106,1.17030761797764,2.27361766032411,True,True,63.231238405400106,46.0,,2,2,SA1015-A95736A-R03-C04,False
318,1.0,159000001,159500000,500000,63,0.390176,0.989546,0.955343535063073,1.85599572251726,True,True,65.9448645306849,46.0,,2,2,SA1015-A95736A-R03-C04,False
319,1.0,159500001,160000000,500000,95,0.431204,0.989861,1.29460914368598,2.5151047186960698,True,True,73.3812212460653,46.0,,2,2,SA1015-A95736A-R03-C04,False
320,1.0,160000001,160500000,500000,89,0.4515119999999999,0.998649,1.1457454883776002,2.22589952982923,True,True,77.6786824847338,46.0,,2,2,SA1015-A95736A-R03-C04,False
321,1.0,160500001,161000000,500000,56,0.431038,0.99463,0.763486001101644,1.48326408274999,True,True,73.34777575384079,46.0,,2,2,SA1015-A95736A-R03-C04,False
322,1.0,161000001,161500000,500000,82,0.476226,0.951208,0.982514504860544,1.9087821829578304,True,True,83.4593276682861,46.0,,2,2,SA1015-A95736A-R03-C04,False
323,1.0,161500001,162000000,500000,61,0.415426,0.947168,0.867410878321625,1.68516436312472,True,True,70.3242275656381,46.0,,2,2,SA1015-A95736A-R03-C04,False
324,1.0,162000001,162500000,500000,80,0.42126,0.995142,1.12004269285899,2.17596536814974,True,True,71.4258487734914,46.0,,2,2,SA1015-A95736A-R03-C04,False
325,1.0,162500001,163000000,500000,133,0.400574,0.990429,1.96536680286258,3.81822061427312,True,True,67.6718461949616,46.0,,2,2,SA1015-A95736A-R03-C04,False
326,1.0,163000001,163500000,500000,77,0.378556,0.995671,1.20046938116013,2.33221449109304,True,True,64.1415776265675,46.0,,2,2,SA1015-A95736A-R03-C04,False
327,1.0,163500001,164000000,500000,55,0.37363,0.987814,0.867268927595787,1.68488858804456,True,True,63.4174686189544,46.0,,2,2,SA1015-A95736A-R03-C04,False
328,1.0,164000001,164500000,500000,78,0.376078,0.990399,1.22306291710523,2.37610813199979,True,True,63.774315212345705,46.0,,2,2,SA1015-A95736A-R03-C04,False
329,1.0,164500001,165000000,500000,176,0.4125939999999999,0.997747,2.52143157701765,4.89851665898985,True,True,69.8016165119074,46.0,,2,2,SA1015-A95736A-R03-C04,False
330,1.0,165000001,165500000,500000,59,0.4249479999999999,0.997709,0.817858369683232,1.58889611961084,True,True,72.1396297782604,46.0,,2,2,SA1015-A95736A-R03-C04,False
331,1.0,165500001,166000000,500000,60,0.418916,0.991575,0.845318221941623,1.64224380707823,True,True,70.9791868229046,46.0,,2,2,SA1015-A95736A-R03-C04,False
332,1.0,166000001,166500000,500000,91,0.410618,0.984734,1.3104522996347,2.54588404424001,True,True,69.4416729440414,46.0,,2,2,SA1015-A95736A-R03-C04,False
333,1.0,166500001,167000000,500000,53,0.39333,0.997575,0.7975034190486779,1.5493514951661,True,True,66.4573953340819,46.0,,2,2,SA1015-A95736A-R03-C04,False
334,1.0,167000001,167500000,500000,55,0.417984,0.999467,0.7768021389980521,1.50913403849795,True,True,70.80310060801459,46.0,,2,2,SA1015-A95736A-R03-C04,False
335,1.0,167500001,168000000,500000,66,0.418192,0.999109,0.9316464511761492,1.80995816145567,True,True,70.8423242708421,46.0,,2,2,SA1015-A95736A-R03-C04,False
336,1.0,168000001,168500000,500000,99,0.415916,0.9927,1.40594131409223,2.73139553395648,True,True,70.4154568954545,46.0,,2,2,SA1015-A95736A-R03-C04,False
337,1.0,168500001,169000000,500000,85,0.394702,0.996904,1.27467963744634,2.47638662727129,True,True,66.6834218598538,46.0,,2,2,SA1015-A95736A-R03-C04,False
338,1.0,169000001,169500000,500000,122,0.378728,0.992881,1.90128007625628,3.6937159873133902,True,True,64.1672952468024,46.0,,2,2,SA1015-A95736A-R03-C04,False
339,1.0,169500001,170000000,500000,88,0.381996,0.997206,1.36093357833403,2.64395665780196,True,True,64.6614951684301,46.0,,2,2,SA1015-A95736A-R03-C04,False
340,1.0,170000001,170500000,500000,70,0.376112,0.988362,1.09753455311558,2.13223763089885,True,True,63.779313189995,46.0,,2,2,SA1015-A95736A-R03-C04,False
341,1.0,170500001,171000000,500000,86,0.380918,0.997466,1.33338900396324,2.5904443762671603,True,True,64.49730704571711,46.0,,2,2,SA1015-A95736A-R03-C04,False
342,1.0,171000001,171500000,500000,110,0.397368,0.991976,1.6386615874598205,3.1835133492351297,True,True,67.1279542046977,46.0,,2,2,SA1015-A95736A-R03-C04,False
343,1.0,171500001,172000000,500000,70,0.397606,0.995555,1.04216323291907,2.0246648786238604,True,True,67.1679807816014,46.0,,2,2,SA1015-A95736A-R03-C04,False
344,1.0,172000001,172500000,500000,53,0.37829,0.990024,0.826809046802804,1.60628506697674,True,True,64.1018627033004,46.0,,2,2,SA1015-A95736A-R03-C04,False
345,1.0,172500001,173000000,500000,57,0.384704,0.989898,0.8758582917574659,1.70157559387871,True,True,65.0790208146866,46.0,,2,2,SA1015-A95736A-R03-C04,False
346,1.0,173000001,173500000,500000,71,0.394716,0.995432,1.06469542483769,2.0684393432902604,True,True,66.68573785862151,46.0,,2,2,SA1015-A95736A-R03-C04,False
347,1.0,173500001,174000000,500000,82,0.39663,0.997542,1.22380397687895,2.37754782748071,True,True,67.0041947478578,46.0,,2,2,SA1015-A95736A-R03-C04,False
348,1.0,174000001,174500000,500000,40,0.378432,0.982688,0.6238005953356429,1.21188995806649,True,True,64.12305518637339,46.0,,2,2,SA1015-A95736A-R03-C04,False
349,1.0,174500001,175000000,500000,45,0.3877,0.9718,0.68650502762541,1.33370912974801,True,True,65.54941069499951,46.0,,2,2,SA1015-A95736A-R03-C04,False
350,1.0,175000001,175500000,500000,88,0.432464,0.997501,1.1950680506491598,2.32172104454075,True,True,73.63597407879679,46.0,,2,2,SA1015-A95736A-R03-C04,False
351,1.0,175500001,176000000,500000,67,0.425206,0.994955,0.928105518623164,1.80307900706685,True,True,72.1900674606416,46.0,,2,2,SA1015-A95736A-R03-C04,False
352,1.0,176000001,176500000,500000,62,0.380232,0.985831,0.96283125455608,1.87054250578462,True,True,64.39342273801189,46.0,,2,2,SA1015-A95736A-R03-C04,False
353,1.0,176500001,177000000,500000,76,0.404588,0.996453,1.1116448220702,2.15965038648064,True,True,68.3671605274665,46.0,,2,2,SA1015-A95736A-R03-C04,False
354,1.0,177000001,177500000,500000,126,0.405778,0.994499,1.83736784387973,3.56955035939653,True,True,68.5763606997401,46.0,,2,2,SA1015-A95736A-R03-C04,False
355,1.0,177500001,178000000,500000,103,0.40823,0.989611,1.49249753479393,2.8995528192507303,True,True,69.0118392820137,46.0,,2,2,SA1015-A95736A-R03-C04,False
356,1.0,178000001,178500000,500000,57,0.389028,0.993844,0.866778339999382,1.68393549792877,True,True,65.7607572427809,46.0,,2,2,SA1015-A95736A-R03-C04,False
357,1.0,178500001,179000000,500000,74,0.408252,0.98946,1.07221865805906,2.08305512093033,True,True,69.0157734560929,46.0,,2,2,SA1015-A95736A-R03-C04,False
358,1.0,179000001,179500000,500000,58,0.4114319999999999,0.99737,0.8334592975918609,1.6192048561051002,True,True,69.5894810551411,46.0,,2,2,SA1015-A95736A-R03-C04,False
359,1.0,179500001,180000000,500000,46,0.40462,0.995722,0.672782476478691,1.3070496137774998,True,True,68.37276773432271,46.0,,2,2,SA1015-A95736A-R03-C04,False
360,1.0,180000001,180500000,500000,74,0.41405,0.994921,1.05609714337785,2.05173501335577,True,True,70.0693117711848,46.0,,2,2,SA1015-A95736A-R03-C04,False
361,1.0,180500001,181000000,500000,78,0.408968,0.982882,1.1280793118078505,2.19157852702417,True,True,69.1440745199002,46.0,,2,2,SA1015-A95736A-R03-C04,False
362,1.0,181000001,181500000,500000,87,0.4496159999999999,0.996704,1.12606518887851,2.18766558533954,True,True,77.26018072421441,46.0,,2,2,SA1015-A95736A-R03-C04,False
363,1.0,181500001,182000000,500000,137,0.4171479999999999,0.998015,1.93924957546564,3.76748131416414,True,True,70.64588371360341,46.0,,2,2,SA1015-A95736A-R03-C04,False
364,1.0,182000001,182500000,500000,86,0.425336,0.997453,1.19087996264231,2.31358462749186,True,True,72.2155067662605,46.0,,2,2,SA1015-A95736A-R03-C04,False
365,1.0,182500001,183000000,500000,110,0.4132659999999999,0.99758,1.57311613486016,3.05617477919143,True,True,69.9249073621499,46.0,,2,2,SA1015-A95736A-R03-C04,False
366,1.0,183000001,183500000,500000,75,0.416954,0.999197,1.06218002902424,2.06355255262402,True,True,70.6094992850672,46.0,,2,2,SA1015-A95736A-R03-C04,False
367,1.0,183500001,184000000,500000,61,0.405828,0.9944,0.8894049535244078,1.72789340037559,True,True,68.58518131507789,46.0,,2,2,SA1015-A95736A-R03-C04,False
368,1.0,184000001,184500000,500000,71,0.399952,0.996139,1.05083169823601,2.04150555839876,True,True,67.5655293984614,46.0,,2,2,SA1015-A95736A-R03-C04,False
369,1.0,184500001,185000000,500000,100,0.39792,0.985001,1.48763312527966,2.89010247712803,True,True,67.22087475781429,46.0,,2,2,SA1015-A95736A-R03-C04,False
370,1.0,185000001,185500000,500000,54,0.384252,0.991921,0.830656445179442,1.6137596085084298,True,True,65.0088256262608,46.0,,2,2,SA1015-A95736A-R03-C04,False
371,1.0,185500001,186000000,500000,81,0.369932,0.989607,1.28797007764351,2.50220665875837,True,True,62.8896597879036,46.0,,2,2,SA1015-A95736A-R03-C04,False
372,1.0,186000001,186500000,500000,46,0.365186,0.993971,0.7391682473905571,1.4360207140428105,True,True,62.2321104327616,46.0,,2,2,SA1015-A95736A-R03-C04,False
373,1.0,186500001,187000000,500000,54,0.368946,0.994571,0.8605410919055558,1.67181807068135,True,True,62.75121607548571,46.0,,2,2,SA1015-A95736A-R03-C04,False
374,1.0,187000001,187500000,500000,69,0.356672,0.989118,1.12914102027598,2.19364116345084,True,True,61.1083990050554,46.0,,2,2,SA1015-A95736A-R03-C04,False
375,1.0,187500001,188000000,500000,58,0.357594,0.98542,0.9473003262259028,1.84036976112306,True,True,61.226623061637895,46.0,,2,2,SA1015-A95736A-R03-C04,False
376,1.0,188000001,188500000,500000,64,0.34236,0.995752,1.07778282442658,2.09386491719573,True,True,59.3811652491772,46.0,,2,2,SA1015-A95736A-R03-C04,False
377,1.0,188500001,189000000,500000,74,0.342782,0.992853,1.24517929798919,2.41907477887775,True,True,59.4291923416175,46.0,,2,2,SA1015-A95736A-R03-C04,False
378,1.0,189000001,189500000,500000,51,0.340138,0.99329,0.8624889613201692,1.67560229820669,True,True,59.1311915713528,46.0,,2,2,SA1015-A95736A-R03-C04,False
379,1.0,189500001,190000000,500000,86,0.339522,0.997176,1.45607831131814,2.8287992939400697,True,True,59.0627573610013,46.0,,2,2,SA1015-A95736A-R03-C04,False
380,1.0,190000001,190500000,500000,54,0.3331,0.998938,0.925106098519586,1.7972518771623105,True,False,58.3716830819884,46.0,,2,2,SA1015-A95736A-R03-C04,False
381,1.0,190500001,191000000,500000,71,0.339782,0.993279,1.20152449204329,2.33426431004721,True,True,59.09159610992111,46.0,,2,2,SA1015-A95736A-R03-C04,False
382,1.0,191000001,191500000,500000,47,0.341534,0.99577,0.792744934395601,1.54010693879697,True,True,59.28766991848829,46.0,,2,2,SA1015-A95736A-R03-C04,False
383,1.0,191500001,192000000,500000,54,0.344618,0.99831,0.9054296109591948,1.7590253383248002,True,True,59.6401965944028,46.0,,2,2,SA1015-A95736A-R03-C04,False
384,1.0,192000001,192500000,500000,57,0.35042,0.989391,0.944820252874552,1.8355515932465905,True,True,60.3289353997031,46.0,,2,2,SA1015-A95736A-R03-C04,False
385,1.0,192500001,193000000,500000,78,0.374552,0.998693,1.22735736757183,2.3844511849478103,True,True,63.5511726746,46.0,,2,2,SA1015-A95736A-R03-C04,False
386,1.0,193000001,193500000,500000,180,0.370056,0.996936,2.86136047088504,5.5589142540144,True,True,62.9071386955746,46.0,,2,2,SA1015-A95736A-R03-C04,False
387,1.0,193500001,194000000,500000,86,0.3597599999999999,0.987855,1.39819958556166,2.71635527408109,True,True,61.507670927719296,46.0,,2,2,SA1015-A95736A-R03-C04,False
388,1.0,194000001,194500000,500000,55,0.3486039999999999,0.995503,0.914992536909516,1.77760373343309,True,True,60.1097798958757,46.0,,2,2,SA1015-A95736A-R03-C04,False
389,1.0,194500001,195000000,500000,36,0.339918,0.998147,0.609067928641974,1.1832680379287,True,True,59.10670765454429,46.0,,2,2,SA1015-A95736A-R03-C04,False
390,1.0,195000001,195500000,500000,56,0.339228,0.997646,0.948666503215084,1.84302390442864,True,True,59.030228020292505,46.0,,2,2,SA1015-A95736A-R03-C04,False
391,1.0,195500001,196000000,500000,42,0.344912,0.990852,0.703820633327309,1.36734906024003,True,True,59.674294857548,46.0,,2,2,SA1015-A95736A-R03-C04,False
392,1.0,196000001,196500000,500000,61,0.344908,0.9876,1.02222363858007,1.98592718852218,True,True,59.6738303613605,46.0,,2,2,SA1015-A95736A-R03-C04,False
393,1.0,196500001,197000000,500000,51,0.353614,0.970608,0.839888997317532,1.63169616917723,True,True,60.7223099277234,46.0,,2,2,SA1015-A95736A-R03-C04,False
394,1.0,197000001,197500000,500000,70,0.358692,0.998714,1.14065009571831,2.21600044470111,True,True,61.3685128005167,46.0,,2,2,SA1015-A95736A-R03-C04,False
395,1.0,197500001,198000000,500000,67,0.367088,0.98199,1.07212091526565,2.0828652309066698,True,True,62.4929511643738,46.0,,2,2,SA1015-A95736A-R03-C04,False
396,1.0,198000001,198500000,500000,63,0.364436,0.993609,1.01399898219605,1.9699487195132104,True,True,62.13023987811,46.0,,2,2,SA1015-A95736A-R03-C04,False
397,1.0,198500001,199000000,500000,84,0.353558,0.995596,1.3835057077493,2.6878087111265,True,True,60.7153259502284,46.0,,2,2,SA1015-A95736A-R03-C04,False
398,1.0,199000001,199500000,500000,70,0.35888,0.996778,1.14019649383719,2.21511920866382,True,True,61.392926901944506,46.0,,2,2,SA1015-A95736A-R03-C04,False
399,1.0,199500001,200000000,500000,72,0.386006,0.996421,1.1029014608139098,2.1426642024573,True,True,65.2823507431625,46.0,,2,2,SA1015-A95736A-R03-C04,False
400,1.0,200000001,200500000,500000,93,0.4132020000000001,0.997958,1.33022192777367,2.58429153213833,True,True,69.9131461136338,46.0,,2,2,SA1015-A95736A-R03-C04,False
401,1.0,200500001,201000000,500000,67,0.4305100000000001,0.997063,0.9147809670105942,1.77719270555359,True,True,73.2415763075491,46.0,,2,2,SA1015-A95736A-R03-C04,False
402,1.0,201000001,201500000,500000,109,0.502976,0.996232,1.20578300190501,2.34253753930723,True,True,90.3976916474952,46.0,,2,2,SA1015-A95736A-R03-C04,False
403,1.0,201500001,202000000,500000,133,0.472562,0.998993,1.6108690019492298,3.12951924352116,True,True,82.56413143406691,46.0,,2,2,SA1015-A95736A-R03-C04,False
404,1.0,202000001,202500000,500000,66,0.460708,0.993831,0.8274928342668431,1.60761349655394,True,True,79.758998829852,46.0,,2,2,SA1015-A95736A-R03-C04,False
405,1.0,202500001,203000000,500000,103,0.4502140000000001,0.997288,1.33089048539856,2.5855903739125297,True,True,77.3917922849639,46.0,,2,2,SA1015-A95736A-R03-C04,False
406,1.0,203000001,203500000,500000,208,0.4812939999999999,0.998016,2.4551620339625098,4.76977136064501,True,True,84.71945929544141,46.0,,2,2,SA1015-A95736A-R03-C04,False
407,1.0,203500001,204000000,500000,48,0.44686,0.998882,0.62615611403548,1.21646614712388,True,True,76.6581990083071,46.0,,2,2,SA1015-A95736A-R03-C04,False
408,1.0,204000001,204500000,500000,90,0.485048,0.998237,1.0505517793908,2.04096174545578,True,True,85.669266156676,46.0,,2,2,SA1015-A95736A-R03-C04,False
409,1.0,204500001,205000000,500000,105,0.470264,0.999855,1.2803400736705002,2.48738345200924,True,True,82.0094615167234,46.0,,2,2,SA1015-A95736A-R03-C04,False
410,1.0,205000001,205500000,500000,56,0.48067,0.997705,0.6622286921356939,1.28654622638013,True,True,84.5629322091126,46.0,,2,2,SA1015-A95736A-R03-C04,False
411,1.0,205500001,206000000,500000,45,-1.0,0.8450139999999999,,,False,False,,,,2,2,SA1015-A95736A-R03-C04,True
412,1.0,206000001,206500000,500000,16,-1.0,0.493791,,,False,False,,,,2,2,SA1015-A95736A-R03-C04,True
413,1.0,206500001,207000000,500000,76,0.4576739999999999,0.95158,0.961253960700772,1.86747821472998,True,True,79.0633933457029,46.0,,2,2,SA1015-A95736A-R03-C04,False
414,1.0,207000001,207500000,500000,52,0.416328,0.998313,0.7376687186046059,1.4331075012451395,True,True,70.4923479720878,46.0,,2,2,SA1015-A95736A-R03-C04,False
415,1.0,207500001,208000000,500000,44,0.395848,0.945701,0.6579572556089129,1.27824788381356,True,True,66.8736450961085,46.0,,2,2,SA1015-A95736A-R03-C04,False
416,1.0,208000001,208500000,500000,83,0.457064,0.999321,1.05163610612,2.04306832355815,True,True,78.9246389668262,46.0,,2,2,SA1015-A95736A-R03-C04,False
417,1.0,208500001,209000000,500000,95,0.4065760000000001,0.996689,1.38247305762555,2.68580252786134,True,True,68.7174332085472,46.0,,2,2,SA1015-A95736A-R03-C04,False
418,1.0,209000001,209500000,500000,210,0.40253,0.995148,3.08784130879785,5.99891039254539,True,True,68.00867628840571,46.0,,2,2,SA1015-A95736A-R03-C04,False
419,1.0,209500001,210000000,500000,80,0.4385739999999999,0.999049,1.0681818487437902,2.07521260088724,True,True,74.8936148784801,46.0,,2,2,SA1015-A95736A-R03-C04,False
420,1.0,210000001,210500000,500000,66,0.396584,0.990258,0.985126109310692,1.91385588316145,True,True,66.9964985966936,46.0,,2,2,SA1015-A95736A-R03-C04,False
421,1.0,210500001,211000000,500000,59,0.426134,0.995742,0.815232054816432,1.5837938407134,True,True,72.3720315601246,46.0,,2,2,SA1015-A95736A-R03-C04,False
422,1.0,211000001,211500000,500000,54,0.399946,0.994069,0.7992362179031179,1.55271789389471,True,True,67.5645056997977,46.0,,2,2,SA1015-A95736A-R03-C04,False
423,1.0,211500001,212000000,500000,68,0.436648,0.997729,0.912835107618361,1.77341238300358,True,True,74.4931909744531,46.0,,2,2,SA1015-A95736A-R03-C04,False
424,1.0,212000001,212500000,500000,62,0.416192,0.996992,0.8798451170944649,1.7093210074397098,True,True,70.4669478700344,46.0,,2,2,SA1015-A95736A-R03-C04,False
425,1.0,212500001,213000000,500000,83,0.437594,0.996018,1.1112686581396,2.15891959318951,True,True,74.68940961491009,46.0,,2,2,SA1015-A95736A-R03-C04,False
426,1.0,213000001,213500000,500000,70,0.405604,0.991671,1.02121673688179,1.9839710280663705,True,True,68.5456842528255,46.0,,2,2,SA1015-A95736A-R03-C04,False
427,1.0,213500001,214000000,500000,70,0.420128,0.995342,0.983015447353542,1.9097553900714,True,True,71.2094608365035,46.0,,2,2,SA1015-A95736A-R03-C04,False
428,1.0,214000001,214500000,500000,80,0.40899,0.999708,1.15693832567969,2.2476444387474,True,True,69.14802476873649,46.0,,2,2,SA1015-A95736A-R03-C04,False
429,1.0,214500001,215000000,500000,108,0.404142,0.998709,1.58151118262008,3.07248427641508,True,True,68.2891156173028,46.0,,2,2,SA1015-A95736A-R03-C04,False
430,1.0,215000001,215500000,500000,74,0.3722519999999999,0.996486,1.1705303500396698,2.27405037352017,True,True,63.2192065737487,46.0,,2,2,SA1015-A95736A-R03-C04,False
431,1.0,215500001,216000000,500000,115,0.37228,0.997644,1.81895206434473,3.5337730638067,True,True,63.2232164080852,46.0,,2,2,SA1015-A95736A-R03-C04,False
432,1.0,216000001,216500000,500000,62,0.359212,0.997284,1.00917820510558,1.96058314437638,True,True,61.4361266289076,46.0,,2,2,SA1015-A95736A-R03-C04,False
433,1.0,216500001,217000000,500000,74,0.36689,0.995673,1.18465145638852,2.3014841834731,True,True,62.465630376713,46.0,,2,2,SA1015-A95736A-R03-C04,False
434,1.0,217000001,217500000,500000,78,0.387148,0.999603,1.19152958927623,2.3148466910423298,True,True,65.4620755556558,46.0,,2,2,SA1015-A95736A-R03-C04,False
435,1.0,217500001,218000000,500000,105,0.367962,0.989508,1.6769409164316005,3.2578805985280903,True,True,62.614012796248105,46.0,,2,2,SA1015-A95736A-R03-C04,False
436,1.0,218000001,218500000,500000,83,0.377328,0.989876,1.29771005933151,2.52112902928463,True,True,63.958816842920704,46.0,,2,2,SA1015-A95736A-R03-C04,False
437,1.0,218500001,219000000,500000,61,0.393742,0.998528,0.9169475039864547,1.78140174995729,True,True,66.5250733927524,46.0,,2,2,SA1015-A95736A-R03-C04,False
438,1.0,219000001,219500000,500000,54,0.3659159999999999,0.996726,0.866331481339527,1.6830673622992098,True,True,62.331799274458895,46.0,,2,2,SA1015-A95736A-R03-C04,False
439,1.0,219500001,220000000,500000,151,0.389186,0.994884,2.2953205433840203,4.4592389585234296,True,True,65.7860186174166,46.0,,2,2,SA1015-A95736A-R03-C04,False
440,1.0,220000001,220500000,500000,165,0.392362,0.991434,2.48872359203229,4.83497315029694,True,True,66.2990460363906,46.0,,2,2,SA1015-A95736A-R03-C04,False
441,1.0,220500001,221000000,500000,173,0.408508,0.997527,2.50501044925183,4.866614477446071,True,True,69.0615881668955,46.0,,2,2,SA1015-A95736A-R03-C04,False
442,1.0,221000001,221500000,500000,65,0.39187,0.996907,0.9815925971020492,1.90699114466267,True,True,66.2189183087761,46.0,,2,2,SA1015-A95736A-R03-C04,False
443,1.0,221500001,222000000,500000,91,0.387606,0.998834,1.38858122458887,2.69766918246281,True,True,65.5345170945568,46.0,,2,2,SA1015-A95736A-R03-C04,False
444,1.0,222000001,222500000,500000,63,0.403644,0.997563,0.9237238136689208,1.79456644027393,True,True,68.2022040221866,46.0,,2,2,SA1015-A95736A-R03-C04,False
445,1.0,222500001,223000000,500000,110,0.4099060000000001,0.973524,1.58700561869421,3.08315860400191,True,True,69.31292410326071,46.0,,2,2,SA1015-A95736A-R03-C04,False
446,1.0,223000001,223500000,500000,88,0.423584,0.9891,1.2243636689295,2.3786351704245,True,True,71.87406996235109,46.0,,2,2,SA1015-A95736A-R03-C04,False
447,1.0,223500001,224000000,500000,113,-1.0,0.869237,,,False,False,,,,2,2,SA1015-A95736A-R03-C04,True
448,1.0,224000001,224500000,500000,71,0.423098,0.941007,0.989134913556763,1.92164399629567,True,True,71.77989476146979,46.0,,2,2,SA1015-A95736A-R03-C04,False
449,1.0,224500001,225000000,500000,228,0.431762,0.996574,3.10230054663454,6.02700110817889,True,True,73.49384644480709,46.0,,2,2,SA1015-A95736A-R03-C04,False
450,1.0,225000001,225500000,500000,251,0.3815219999999999,0.992318,3.88610104707654,7.549731228534192,True,True,64.58915940665611,46.0,,2,2,SA1015-A95736A-R03-C04,False
451,1.0,225500001,226000000,500000,53,0.420814,0.998421,0.7429166194732271,1.44330287202735,True,True,71.3404419968155,46.0,,2,2,SA1015-A95736A-R03-C04,False
452,1.0,226000001,226500000,500000,56,0.4625939999999999,0.998019,0.6982892287258039,1.35660291196654,True,True,80.1959957225538,46.0,,2,2,SA1015-A95736A-R03-C04,False
453,1.0,226500001,227000000,500000,105,0.472064,0.998232,1.27359972611372,2.4742886271901803,True,True,82.4434850660642,46.0,,2,2,SA1015-A95736A-R03-C04,False
454,1.0,227000001,227500000,500000,302,0.406112,0.995042,4.400066303818309,8.54823834458666,True,False,68.63532936718,46.0,,2,2,SA1015-A95736A-R03-C04,False
455,1.0,227500001,228000000,500000,125,0.440088,0.998637,1.6619918076505802,3.22883818505619,True,True,75.21096038174942,46.0,,2,2,SA1015-A95736A-R03-C04,False
456,1.0,228000001,228500000,500000,109,0.511946,0.990174,1.17352030473695,2.27985911448612,True,True,92.8829263200798,46.0,,2,2,SA1015-A95736A-R03-C04,False
457,1.0,228500001,229000000,500000,61,0.4895859999999999,0.924169,0.7024731262109479,1.36473118787031,True,True,86.8360620840065,46.0,,2,2,SA1015-A95736A-R03-C04,False
458,1.0,229000001,229500000,500000,63,0.446608,0.998058,0.8224163982260241,1.5977512394374298,True,True,76.6035309314026,46.0,,2,2,SA1015-A95736A-R03-C04,False
459,1.0,229500001,230000000,500000,82,0.4340060000000001,0.999531,1.10885910677956,2.15423843206445,True,True,73.9498819089387,46.0,,2,2,SA1015-A95736A-R03-C04,False
460,1.0,230000001,230500000,500000,94,0.450816,0.997682,1.21251769519058,2.35562137927864,True,True,77.5246418034547,46.0,,2,2,SA1015-A95736A-R03-C04,False
461,1.0,230500001,231000000,500000,68,0.440352,0.999404,0.903456035882483,1.75519117106873,True,True,75.26652908304341,46.0,,2,2,SA1015-A95736A-R03-C04,False
462,1.0,231000001,231500000,500000,66,0.437734,0.99847,0.8833150982953721,1.71606232093557,True,True,74.71852357937419,46.0,,2,2,SA1015-A95736A-R03-C04,False
463,1.0,231500001,232000000,500000,43,0.410012,0.997409,0.6202036982514929,1.20490207846349,True,True,69.332059968729,46.0,,2,2,SA1015-A95736A-R03-C04,False
464,1.0,232000001,232500000,500000,61,0.419308,0.995389,0.858507956012685,1.66786819152064,True,True,71.0535057628501,46.0,,2,2,SA1015-A95736A-R03-C04,False
465,1.0,232500001,233000000,500000,81,0.413388,0.997389,1.15801403978257,2.24973428465133,True,True,69.9473384754544,46.0,,2,2,SA1015-A95736A-R03-C04,False
466,1.0,233000001,233500000,500000,111,0.412666,0.9989,1.5899206510996002,3.0888217895229704,True,True,69.8148048603757,46.0,,2,2,SA1015-A95736A-R03-C04,False
467,1.0,233500001,234000000,500000,70,0.400568,0.998573,1.03441928500194,2.00962030703041,True,True,67.67081880136111,46.0,,2,2,SA1015-A95736A-R03-C04,False
468,1.0,234000001,234500000,500000,96,0.41862,0.997335,1.35357741358531,2.62966545279909,True,True,70.9231692524467,46.0,,2,2,SA1015-A95736A-R03-C04,False
469,1.0,234500001,235000000,500000,84,0.439592,0.999643,1.11840820408757,2.17278996154791,True,True,75.10674518748729,46.0,,2,2,SA1015-A95736A-R03-C04,False
470,1.0,235000001,235500000,500000,53,-1.0,0.8992620000000001,,,False,False,,,,2,2,SA1015-A95736A-R03-C04,True
471,1.0,235500001,236000000,500000,63,0.420444,0.995798,0.883965642373843,1.71732616685344,True,True,71.26973830206441,46.0,,2,2,SA1015-A95736A-R03-C04,False
472,1.0,236000001,236500000,500000,78,0.43412,0.998339,1.0544361794858002,2.04850817215598,True,True,73.9731825571816,46.0,,2,2,SA1015-A95736A-R03-C04,False
473,1.0,236500001,237000000,500000,69,0.425772,0.994876,0.954344327189094,1.85405450925528,True,True,72.3009484461769,46.0,,2,2,SA1015-A95736A-R03-C04,False
474,1.0,237000001,237500000,500000,44,0.4129819999999999,0.981023,0.629716182858812,1.22338247854338,True,True,69.8727477516092,46.0,,2,2,SA1015-A95736A-R03-C04,False
475,1.0,237500001,238000000,500000,59,0.373534,0.997926,0.9305465960237552,1.8078214154755,True,True,63.403595534182,46.0,,2,2,SA1015-A95736A-R03-C04,False
476,1.0,238000001,238500000,500000,95,0.390982,0.996927,1.43776220635597,2.79321564134256,True,True,66.0749041670658,46.0,,2,2,SA1015-A95736A-R03-C04,False
477,1.0,238500001,239000000,500000,80,0.361274,0.998597,1.29645193211019,2.51868479989964,True,True,61.70687706854421,46.0,,2,2,SA1015-A95736A-R03-C04,False
478,1.0,239000001,239500000,500000,54,0.365176,0.998951,0.8677382372148811,1.6858003403238202,True,True,62.230748495445006,46.0,,2,2,SA1015-A95736A-R03-C04,False
479,1.0,239500001,240000000,500000,56,0.3831199999999999,0.988886,0.8637454681162621,1.67804337950705,True,True,64.83391469726621,46.0,,2,2,SA1015-A95736A-R03-C04,False
480,1.0,240000001,240500000,500000,73,0.402066,0.999706,1.07466047378995,2.0877989637317698,True,True,67.92843114677379,46.0,,2,2,SA1015-A95736A-R03-C04,False
481,1.0,240500001,241000000,500000,95,0.401424,0.999679,1.40081313025974,2.7214327437055896,True,True,67.817753808736,46.0,,2,2,SA1015-A95736A-R03-C04,False
482,1.0,241000001,241500000,500000,78,0.391246,0.99805,1.17971547068759,2.29189478655868,True,True,66.1176376321813,46.0,,2,2,SA1015-A95736A-R03-C04,False
483,1.0,241500001,242000000,500000,54,0.390038,0.998657,0.8191416515211909,1.5913892181818,True,True,65.9226641689127,46.0,,2,2,SA1015-A95736A-R03-C04,False
484,1.0,242000001,242500000,500000,56,0.41999,0.991159,0.7867028323816891,1.52836863201909,True,True,71.18316814808429,46.0,,2,2,SA1015-A95736A-R03-C04,False
485,1.0,242500001,243000000,500000,87,0.398634,0.995237,1.29192226597005,2.50988478119226,True,True,67.3415129467371,46.0,,2,2,SA1015-A95736A-R03-C04,False
486,1.0,243000001,243500000,500000,34,0.405406,0.949973,0.496272026184732,0.964133554055012,True,True,68.5108130341077,46.0,,2,2,SA1015-A95736A-R03-C04,False
487,1.0,243500001,244000000,500000,79,0.37921,0.997131,1.22977256769947,2.38914332022836,True,True,64.2395204405844,46.0,,2,2,SA1015-A95736A-R03-C04,False
488,1.0,244000001,244500000,500000,97,0.42808,0.999428,1.3332164909763795,2.59010922628818,True,True,72.7563757698215,46.0,,2,2,SA1015-A95736A-R03-C04,False
489,1.0,244500001,245000000,500000,52,0.4193699999999999,0.993166,0.731721654047385,1.42155382869215,True,True,71.06527422329441,46.0,,2,2,SA1015-A95736A-R03-C04,False
490,1.0,245000001,245500000,500000,153,0.435688,0.997404,2.05935867839818,4.000823534105432,True,True,74.2949742582033,46.0,,2,2,SA1015-A95736A-R03-C04,False
491,1.0,245500001,246000000,500000,86,0.441482,0.994155,1.13899500753115,2.21278501853971,True,True,75.50515975167521,46.0,,2,2,SA1015-A95736A-R03-C04,False
492,1.0,246000001,246500000,500000,48,0.404144,0.995039,0.702890261201062,1.3655415777760902,True,True,68.28946515488789,46.0,,2,2,SA1015-A95736A-R03-C04,False
493,1.0,246500001,247000000,500000,86,0.428546,0.990833,1.1805245938301598,2.2934667122969,True,True,72.8489693899363,46.0,,2,2,SA1015-A95736A-R03-C04,False
494,1.0,247000001,247500000,500000,55,0.425162,0.990556,0.761968505758433,1.48031596538428,True,True,72.1814610241078,46.0,,2,2,SA1015-A95736A-R03-C04,False
495,1.0,247500001,248000000,500000,61,0.400438,0.98218,0.9017190220212808,1.7518165836266002,True,True,67.6485673588911,46.0,,2,2,SA1015-A95736A-R03-C04,False
496,1.0,248000001,248500000,500000,37,0.379884,0.973693,0.5750618831086949,1.11720271929406,True,True,64.3409015391244,46.0,,2,2,SA1015-A95736A-R03-C04,False
497,1.0,248500001,249000000,500000,34,-1.0,0.809358,,,False,False,,,,2,2,SA1015-A95736A-R03-C04,True
498,1.0,249000001,249500000,500000,78,-1.0,0.696028,,,False,False,,,,2,2,SA1015-A95736A-R03-C04,True
