,chr,start,end,width,reads,gc,map,cor_gc,copy,valid,ideal,modal_curve,modal_quantile,cor_map,multiplier,state,cell_id,is_low_mappability
3069,20.0,1,500000,500000,81,-1.0,0.87161,,,False,False,,,,2,2,SA1015-A95736A-R03-C04,True
3070,20.0,500001,1000000,500000,95,0.4845140000000001,0.999649,1.11067844569273,2.1577729566796497,True,True,85.5333065734866,46.0,,2,2,SA1015-A95736A-R03-C04,False
3071,20.0,1000001,1500000,500000,78,0.444274,0.996523,1.02496461233271,1.9912522212185,True,True,76.1001883006287,46.0,,2,2,SA1015-A95736A-R03-C04,False
3072,20.0,1500001,2000000,500000,84,0.45031,0.991029,1.08508971890416,2.1080604022726,True,True,77.412953543447,46.0,,2,2,SA1015-A95736A-R03-C04,False
3073,20.0,2000001,2500000,500000,54,0.445346,0.997755,0.7074479628443059,1.3743960625178602,True,True,76.33070251964841,46.0,,2,2,SA1015-A95736A-R03-C04,False
3074,20.0,2500001,3000000,500000,93,0.454596,0.995527,1.18672380794486,2.3055102489489703,True,True,78.36701292869091,46.0,,2,2,SA1015-A95736A-R03-C04,False
3075,20.0,3000001,3500000,500000,83,0.4677739999999999,0.994316,1.0194762927428,1.98058977644463,True,True,81.41435028047259,46.0,,2,2,SA1015-A95736A-R03-C04,False
3076,20.0,3500001,4000000,500000,119,0.46873,0.998791,1.4575811645570902,2.83171896532601,True,True,81.6421087851803,46.0,,2,2,SA1015-A95736A-R03-C04,False
3077,20.0,4000001,4500000,500000,98,0.4493,0.989116,1.26958173631031,2.4664826687945296,True,True,77.1907764558824,46.0,,2,2,SA1015-A95736A-R03-C04,False
3078,20.0,4500001,5000000,500000,61,0.4410659999999999,0.999509,0.8088344576065161,1.57136489487329,True,True,75.41716284010671,46.0,,2,2,SA1015-A95736A-R03-C04,False
3079,20.0,5000001,5500000,500000,69,0.4367439999999999,0.990848,0.926012129668955,1.7990120711406898,True,True,74.5130628306858,46.0,,2,2,SA1015-A95736A-R03-C04,False
3080,20.0,5500001,6000000,500000,82,0.4282579999999999,0.998203,1.12650176949534,2.18851375327877,True,True,72.7917187708766,46.0,,2,2,SA1015-A95736A-R03-C04,False
3081,20.0,6000001,6500000,500000,50,0.399684,0.991445,0.7405230933151591,1.43865284389813,True,True,67.51983895081649,46.0,,2,2,SA1015-A95736A-R03-C04,False
3082,20.0,6500001,7000000,500000,89,0.388868,0.997758,1.35391690071288,2.63032499215169,True,True,65.7352012912598,46.0,,2,2,SA1015-A95736A-R03-C04,False
3083,20.0,7000001,7500000,500000,68,0.367878,0.988214,1.08622129556671,2.11025877528534,True,True,62.6023447317177,46.0,,2,2,SA1015-A95736A-R03-C04,False
3084,20.0,7500001,8000000,500000,76,0.371932,0.997471,1.20303732055655,2.33720336091893,True,True,63.1734350226482,46.0,,2,2,SA1015-A95736A-R03-C04,False
3085,20.0,8000001,8500000,500000,72,0.375436,0.99519,1.13065048808209,2.19657368530146,True,True,63.6801564753514,46.0,,2,2,SA1015-A95736A-R03-C04,False
3086,20.0,8500001,9000000,500000,78,0.387286,0.99152,1.19113282138382,2.31407586935975,True,True,65.48388105818621,46.0,,2,2,SA1015-A95736A-R03-C04,False
3087,20.0,9000001,9500000,500000,66,0.396678,0.998665,0.9848948799061958,1.9134066617349,True,True,67.0122277478851,46.0,,2,2,SA1015-A95736A-R03-C04,False
3088,20.0,9500001,10000000,500000,64,0.387276,0.993609,0.977363343857538,1.89877475375913,True,True,65.4823003156631,46.0,,2,2,SA1015-A95736A-R03-C04,False
3089,20.0,10000001,10500000,500000,82,0.39952,0.998793,1.21496035452252,2.36036686098784,True,True,67.49191419684321,46.0,,2,2,SA1015-A95736A-R03-C04,False
3090,20.0,10500001,11000000,500000,81,0.408626,0.999736,1.17250726280258,2.27789102507334,True,True,69.0827277320144,46.0,,2,2,SA1015-A95736A-R03-C04,False
3091,20.0,11000001,11500000,500000,66,0.3788019999999999,0.999659,1.0283838810125,1.99789501285408,True,True,64.1783688159517,46.0,,2,2,SA1015-A95736A-R03-C04,False
3092,20.0,11500001,12000000,500000,83,0.390296,0.990937,1.2582585626543998,2.4444845486426003,True,True,65.9641845193606,46.0,,2,2,SA1015-A95736A-R03-C04,False
3093,20.0,12000001,12500000,500000,85,0.386798,0.988212,1.29955794870089,2.5247190203604903,True,True,65.4068562967665,46.0,,2,2,SA1015-A95736A-R03-C04,False
3094,20.0,12500001,13000000,500000,90,0.387526,0.981333,1.37358761923527,2.6685403231781204,True,True,65.5218485808036,46.0,,2,2,SA1015-A95736A-R03-C04,False
3095,20.0,13000001,13500000,500000,50,0.398846,0.99783,0.742088264516007,1.44169358363956,True,True,67.3774298703001,46.0,,2,2,SA1015-A95736A-R03-C04,False
3096,20.0,13500001,14000000,500000,124,0.39585,0.998852,1.85423393849562,3.60231700125233,True,True,66.8739782104323,46.0,,2,2,SA1015-A95736A-R03-C04,False
3097,20.0,14000001,14500000,500000,39,0.368616,0.995601,0.6219590196607061,1.20831223293419,True,True,62.705095942294506,46.0,,2,2,SA1015-A95736A-R03-C04,False
3098,20.0,14500001,15000000,500000,43,0.376372,0.998838,0.673795624322075,1.3090179089452398,True,True,63.81757085950729,46.0,,2,2,SA1015-A95736A-R03-C04,False
3099,20.0,15000001,15500000,500000,76,0.382682,0.995472,1.17344474357665,2.27971231787823,True,True,64.7665775623595,46.0,,2,2,SA1015-A95736A-R03-C04,False
3100,20.0,15500001,16000000,500000,73,0.388742,0.998329,1.11085590475795,2.15811771566308,True,True,65.7150938184967,46.0,,2,2,SA1015-A95736A-R03-C04,False
3101,20.0,16000001,16500000,500000,76,0.406366,0.998199,1.10657725479856,2.1498053591846698,True,True,68.6802477372761,46.0,,2,2,SA1015-A95736A-R03-C04,False
3102,20.0,16500001,17000000,500000,61,0.407028,0.995961,0.8866585967723091,1.7225579098453998,True,True,68.7976186347908,46.0,,2,2,SA1015-A95736A-R03-C04,False
3103,20.0,17000001,17500000,500000,73,0.409412,0.996253,1.05454922421536,2.04872779004925,True,True,69.2238904772944,46.0,,2,2,SA1015-A95736A-R03-C04,False
3104,20.0,17500001,18000000,500000,92,0.46711,0.999054,1.13221445804123,2.19961209132796,True,True,81.25669067957591,46.0,,2,2,SA1015-A95736A-R03-C04,False
3105,20.0,18000001,18500000,500000,36,0.423822,0.996203,0.5005542666420251,0.9724528859809872,True,True,71.9202739824925,46.0,,2,2,SA1015-A95736A-R03-C04,False
3106,20.0,18500001,19000000,500000,137,0.4285239999999999,0.983718,1.88071611105102,3.65376529935856,True,True,72.84459318181679,46.0,,2,2,SA1015-A95736A-R03-C04,False
3107,20.0,19000001,19500000,500000,61,0.424484,0.991709,0.8466450221145999,1.6448214509888202,True,True,72.0490859884169,46.0,,2,2,SA1015-A95736A-R03-C04,False
3108,20.0,19500001,20000000,500000,92,0.443168,0.997379,1.21270351002452,2.35598237144985,True,True,75.8635554688383,46.0,,2,2,SA1015-A95736A-R03-C04,False
3109,20.0,20000001,20500000,500000,106,0.418282,0.996855,1.49592200389719,2.90620571402028,True,True,70.8593093248497,46.0,,2,2,SA1015-A95736A-R03-C04,False
3110,20.0,20500001,21000000,500000,83,0.4175359999999999,0.999948,1.17366304055561,2.2801364148070498,True,True,70.71876435736459,46.0,,2,2,SA1015-A95736A-R03-C04,False
3111,20.0,21000001,21500000,500000,89,0.412942,0.997361,1.27387791576465,2.47482908073723,True,True,69.8654077432353,46.0,,2,2,SA1015-A95736A-R03-C04,False
3112,20.0,21500001,22000000,500000,63,0.414938,0.987106,0.897006473315672,1.7426612694189298,True,True,70.2336068625329,46.0,,2,2,SA1015-A95736A-R03-C04,False
3113,20.0,22000001,22500000,500000,56,0.398468,0.995762,0.8319292005010881,1.61623225666701,True,True,67.3134203803281,46.0,,2,2,SA1015-A95736A-R03-C04,False
3114,20.0,22500001,23000000,500000,112,0.4290100000000001,0.997926,1.53547960269806,2.98305632479311,True,True,72.9413792297858,46.0,,2,2,SA1015-A95736A-R03-C04,False
3115,20.0,23000001,23500000,500000,113,0.457032,0.985626,1.43187741414881,2.78178294853256,True,True,78.91737021857679,46.0,,2,2,SA1015-A95736A-R03-C04,False
3116,20.0,23500001,24000000,500000,54,0.444838,0.986645,0.7084631548329151,1.37636832895317,True,True,76.2213244706218,46.0,,2,2,SA1015-A95736A-R03-C04,False
3117,20.0,24000001,24500000,500000,75,0.432752,0.998995,1.01771607583428,1.97717011123205,True,True,73.69442399592491,46.0,,2,2,SA1015-A95736A-R03-C04,False
3118,20.0,24500001,25000000,500000,86,0.47158,0.995122,1.04462154817646,2.02944077591615,True,True,82.3264656469371,46.0,,2,2,SA1015-A95736A-R03-C04,False
3119,20.0,25000001,25500000,500000,34,0.4777,0.99451,0.405615592468525,0.7880105710436259,True,True,83.82320756724441,46.0,,2,2,SA1015-A95736A-R03-C04,False
3120,20.0,25500001,26000000,500000,87,0.428434,0.990279,1.1946168832745,2.32084453814616,True,True,72.8266955021838,46.0,,2,2,SA1015-A95736A-R03-C04,False
3121,20.0,26000001,26500000,500000,8,-1.0,0.628301,,,False,False,,,,2,2,SA1015-A95736A-R03-C04,True
3122,20.0,26500001,27000000,500000,0,-1.0,0.0,,,False,False,,,,2,2,SA1015-A95736A-R03-C04,True
3123,20.0,27000001,27500000,500000,0,-1.0,0.0,,,False,False,,,,2,2,SA1015-A95736A-R03-C04,True
3124,20.0,27500001,28000000,500000,0,-1.0,0.0,,,False,False,,,,2,2,SA1015-A95736A-R03-C04,True
3125,20.0,28000001,28500000,500000,0,-1.0,0.0,,,False,False,,,,2,2,SA1015-A95736A-R03-C04,True
3126,20.0,28500001,29000000,500000,0,-1.0,0.0,,,False,False,,,,2,2,SA1015-A95736A-R03-C04,True
3127,20.0,29000001,29500000,500000,4,-1.0,0.157813,,,False,False,,,,2,2,SA1015-A95736A-R03-C04,True
3128,20.0,29500001,30000000,500000,46,-1.0,0.691171,,,False,False,,,,2,2,SA1015-A95736A-R03-C04,True
3129,20.0,30000001,30500000,500000,115,0.4766439999999999,0.997783,1.3762187183236398,2.67365189663238,True,True,83.5622989782327,46.0,,2,2,SA1015-A95736A-R03-C04,False
3130,20.0,30500001,31000000,500000,142,0.468072,0.997035,1.7426466953351798,3.38553064284608,True,True,81.4852490640324,46.0,,2,2,SA1015-A95736A-R03-C04,False
3131,20.0,31000001,31500000,500000,88,0.50572,0.997118,0.965446991946466,1.87562423526685,True,True,91.1494890284764,46.0,,2,2,SA1015-A95736A-R03-C04,False
3132,20.0,31500001,32000000,500000,70,0.480854,0.998213,0.827334688471799,1.6073062584679898,True,True,84.6090475540191,46.0,,2,2,SA1015-A95736A-R03-C04,False
3133,20.0,32000001,32500000,500000,54,0.474442,0.99669,0.65043159919309,1.26362739850722,True,True,83.0217967069729,46.0,,2,2,SA1015-A95736A-R03-C04,False
3134,20.0,32500001,33000000,500000,44,0.451462,0.99294,0.566516794639271,1.10060173015695,True,True,77.667600354226,46.0,,2,2,SA1015-A95736A-R03-C04,False
3135,20.0,33000001,33500000,500000,68,0.43904,0.99818,0.9067748734780758,1.7616388499979,True,True,74.9910501370372,46.0,,2,2,SA1015-A95736A-R03-C04,False
3136,20.0,33500001,34000000,500000,92,0.45845,0.996871,1.16102334280045,2.2555806146090203,True,True,79.240439540252,46.0,,2,2,SA1015-A95736A-R03-C04,False
3137,20.0,34000001,34500000,500000,125,0.458276,0.99989,1.57826909447208,3.0661857026414903,True,True,79.2006891840023,46.0,,2,2,SA1015-A95736A-R03-C04,False
3138,20.0,34500001,35000000,500000,78,-1.0,0.897574,,,False,False,,,,2,2,SA1015-A95736A-R03-C04,True
3139,20.0,35000001,35500000,500000,233,0.492716,0.998943,2.65821760126055,5.1642580039377695,True,True,87.65271883291629,46.0,,2,2,SA1015-A95736A-R03-C04,False
3140,20.0,35500001,36000000,500000,51,0.459794,0.996515,0.641118418339177,1.24553419622606,True,True,79.5484867399629,46.0,,2,2,SA1015-A95736A-R03-C04,False
3141,20.0,36000001,36500000,500000,109,0.462316,0.999377,1.36026643818676,2.64266056983548,True,True,80.1313602541699,46.0,,2,2,SA1015-A95736A-R03-C04,False
3142,20.0,36500001,37000000,500000,83,0.474632,0.999324,0.999178448883794,1.94115609631181,True,True,83.0682448092443,46.0,,2,2,SA1015-A95736A-R03-C04,False
3143,20.0,37000001,37500000,500000,93,0.456556,0.997936,1.18006276659776,2.29256949644061,True,True,78.8093672916467,46.0,,2,2,SA1015-A95736A-R03-C04,False
3144,20.0,37500001,38000000,500000,206,0.44548,0.994553,2.697761756768009,5.24108249772321,True,True,76.35959679656558,46.0,,2,2,SA1015-A95736A-R03-C04,False
3145,20.0,38000001,38500000,500000,91,0.399474,0.9875,1.34846605799248,2.6197353556472502,True,True,67.48408642593179,46.0,,2,2,SA1015-A95736A-R03-C04,False
3146,20.0,38500001,39000000,500000,62,0.392482,0.996409,0.9348806509222248,1.81624141001933,True,True,66.3186257399159,46.0,,2,2,SA1015-A95736A-R03-C04,False
3147,20.0,39000001,39500000,500000,79,0.441888,0.994458,1.04509510554679,2.03036078052333,True,True,75.5912065616911,46.0,,2,2,SA1015-A95736A-R03-C04,False
3148,20.0,39500001,40000000,500000,134,0.4450020000000001,0.996241,1.75722477403956,3.41385223683276,True,True,76.2566075664624,46.0,,2,2,SA1015-A95736A-R03-C04,False
3149,20.0,40000001,40500000,500000,69,0.4229819999999999,0.996426,0.961572613724424,1.86809727858204,True,True,71.7574512992262,46.0,,2,2,SA1015-A95736A-R03-C04,False
3150,20.0,40500001,41000000,500000,65,0.4275560000000001,0.994237,0.89466965477526,1.73812141013677,True,True,72.6525144259285,46.0,,2,2,SA1015-A95736A-R03-C04,False
3151,20.0,41000001,41500000,500000,80,0.415124,0.993357,1.13849639405252,2.21181633612384,True,True,70.2681189136111,46.0,,2,2,SA1015-A95736A-R03-C04,False
3152,20.0,41500001,42000000,500000,139,0.4398399999999999,0.996552,1.84941695034624,3.592958787089,True,True,75.1588223380224,46.0,,2,2,SA1015-A95736A-R03-C04,False
3153,20.0,42000001,42500000,500000,124,0.461904,0.990134,1.54930842186796,3.00992229319589,True,True,80.0357102883984,46.0,,2,2,SA1015-A95736A-R03-C04,False
3154,20.0,42500001,43000000,500000,82,0.468046,0.998266,1.0063935474743102,1.95517324473021,True,True,81.4790597632413,46.0,,2,2,SA1015-A95736A-R03-C04,False
3155,20.0,43000001,43500000,500000,64,0.469296,0.999264,0.782612505214982,1.52042214005418,True,True,81.7773797039179,46.0,,2,2,SA1015-A95736A-R03-C04,False
3156,20.0,43500001,44000000,500000,78,0.429058,0.999067,1.06921155782144,2.07721307042875,True,True,72.95095103435641,46.0,,2,2,SA1015-A95736A-R03-C04,False
3157,20.0,44000001,44500000,500000,65,0.436784,0.995484,0.8722333124218901,1.69453315742092,True,True,74.5213454637699,46.0,,2,2,SA1015-A95736A-R03-C04,False
3158,20.0,44500001,45000000,500000,125,0.5039560000000001,0.999818,1.37869672116562,2.67846604202228,True,True,90.665334936257,46.0,,2,2,SA1015-A95736A-R03-C04,False
3159,20.0,45000001,45500000,500000,94,0.442312,0.999425,1.2420514903738502,2.41299822385658,True,True,75.68124246741701,46.0,,2,2,SA1015-A95736A-R03-C04,False
3160,20.0,45500001,46000000,500000,106,0.4572520000000001,0.99958,1.3423266970062,2.6078080987901,True,True,78.96736333741421,46.0,,2,2,SA1015-A95736A-R03-C04,False
3161,20.0,46000001,46500000,500000,46,0.463466,0.996992,0.572144757272948,1.11153546675664,True,True,80.39923361222941,46.0,,2,2,SA1015-A95736A-R03-C04,False
3162,20.0,46500001,47000000,500000,117,0.470926,0.999789,1.42389963306816,2.7662840970540805,True,True,82.168712796065,46.0,,2,2,SA1015-A95736A-R03-C04,False
3163,20.0,47000001,47500000,500000,79,0.490984,0.996263,0.9059672570806708,1.7600698514921298,True,True,87.19961939305,46.0,,2,2,SA1015-A95736A-R03-C04,False
3164,20.0,47500001,48000000,500000,119,0.4486520000000001,0.998079,1.54447645031813,3.0005349699988697,True,True,77.0487630131808,46.0,,2,2,SA1015-A95736A-R03-C04,False
3165,20.0,48000001,48500000,500000,85,0.4619899999999999,0.999635,1.06176125068788,2.06273897010376,True,True,80.0556621791681,46.0,,2,2,SA1015-A95736A-R03-C04,False
3166,20.0,48500001,49000000,500000,153,0.5070520000000001,0.998782,1.67181841280181,3.2479288435033,True,True,91.5171162300974,46.0,,2,2,SA1015-A95736A-R03-C04,False
3167,20.0,49000001,49500000,500000,61,0.4823020000000001,0.999788,0.717874032840922,1.39465133259211,True,True,84.973125101904,46.0,,2,2,SA1015-A95736A-R03-C04,False
3168,20.0,49500001,50000000,500000,83,0.4590079999999999,0.999883,1.04575997410465,2.0316524553545503,True,True,79.3681170204115,46.0,,2,2,SA1015-A95736A-R03-C04,False
3169,20.0,50000001,50500000,500000,78,0.471472,0.999785,0.9477476867362292,1.84123887172371,True,True,82.3003855262466,46.0,,2,2,SA1015-A95736A-R03-C04,False
3170,20.0,50500001,51000000,500000,54,0.42895,0.999048,0.740441946698902,1.4384951961336,True,True,72.9294176818955,46.0,,2,2,SA1015-A95736A-R03-C04,False
3171,20.0,51000001,51500000,500000,124,0.400804,0.999412,1.83130555292833,3.5577728305166203,True,True,67.7112564867828,46.0,,2,2,SA1015-A95736A-R03-C04,False
3172,20.0,51500001,52000000,500000,241,0.41535,0.999814,3.4276726019621004,6.65911837359246,True,True,70.3100990048012,46.0,,2,2,SA1015-A95736A-R03-C04,False
3173,20.0,52000001,52500000,500000,72,0.4385199999999999,0.982889,0.961508440106556,1.8679726051469,True,True,74.8823379980116,46.0,,2,2,SA1015-A95736A-R03-C04,False
3174,20.0,52500001,53000000,500000,77,0.407578,0.996797,1.11763529163926,2.17128838421444,True,True,68.8954622102727,46.0,,2,2,SA1015-A95736A-R03-C04,False
3175,20.0,53000001,53500000,500000,77,0.391808,0.992684,1.16298673144059,2.25939499214339,True,True,66.2088379156485,46.0,,2,2,SA1015-A95736A-R03-C04,False
3176,20.0,53500001,54000000,500000,68,0.374664,0.99424,1.06972950425338,2.0782193119815298,True,True,63.56747171095451,46.0,,2,2,SA1015-A95736A-R03-C04,False
3177,20.0,54000001,54500000,500000,104,0.381076,0.985923,1.6118708144008702,3.13146551683204,True,True,64.5212997659844,46.0,,2,2,SA1015-A95736A-R03-C04,False
3178,20.0,54500001,55000000,500000,73,0.419092,0.994746,1.02798751360815,1.99712496922054,True,True,71.0125356909992,46.0,,2,2,SA1015-A95736A-R03-C04,False
3179,20.0,55000001,55500000,500000,46,0.471684,0.999596,0.5585805881839909,1.08518364787199,True,True,82.35159075175021,46.0,,2,2,SA1015-A95736A-R03-C04,False
3180,20.0,55500001,56000000,500000,85,0.486912,0.999471,0.986696265043285,1.91690630661272,True,True,86.14606440845421,46.0,,2,2,SA1015-A95736A-R03-C04,False
3181,20.0,56000001,56500000,500000,121,0.494938,0.999954,1.37128578097182,2.66406842190481,True,True,88.23835387124649,46.0,,2,2,SA1015-A95736A-R03-C04,False
3182,20.0,56500001,57000000,500000,153,0.4548239999999999,0.999603,1.9510758177178704,3.79045677192148,True,True,78.4182749899288,46.0,,2,2,SA1015-A95736A-R03-C04,False
3183,20.0,57000001,57500000,500000,88,0.4770100000000001,0.998558,1.05196966217902,2.04371634031448,True,True,83.6526025072995,46.0,,2,2,SA1015-A95736A-R03-C04,False
3184,20.0,57500001,58000000,500000,92,0.455532,0.998818,1.17081436854801,2.27460215109258,True,True,78.5777852334477,46.0,,2,2,SA1015-A95736A-R03-C04,False
3185,20.0,58000001,58500000,500000,101,0.4483819999999999,0.99535,1.31186356567825,2.54862578440364,True,True,76.9897134446157,46.0,,2,2,SA1015-A95736A-R03-C04,False
3186,20.0,58500001,59000000,500000,69,0.43632,0.997337,0.927103288491733,1.80113192230766,True,True,74.42536431108259,46.0,,2,2,SA1015-A95736A-R03-C04,False
3187,20.0,59000001,59500000,500000,81,0.422272,0.994961,1.13096312639152,2.19718106405444,True,True,71.6203721499219,46.0,,2,2,SA1015-A95736A-R03-C04,False
3188,20.0,59500001,60000000,500000,154,0.4765,0.99718,1.84371948640618,3.58189002667578,True,True,83.5268060762215,46.0,,2,2,SA1015-A95736A-R03-C04,False
3189,20.0,60000001,60500000,500000,162,0.520832,0.998077,1.69769618259617,3.29820293683606,True,True,95.4234342167542,46.0,,2,2,SA1015-A95736A-R03-C04,False
3190,20.0,60500001,61000000,500000,129,0.556736,0.994707,1.2114442088471002,2.3535358613591097,True,True,106.484474528766,46.0,,2,2,SA1015-A95736A-R03-C04,False
3191,20.0,61000001,61500000,500000,88,-1.0,0.799117,,,False,False,,,,2,2,SA1015-A95736A-R03-C04,True
3192,20.0,61500001,62000000,500000,141,0.5607439999999999,0.997661,1.3079969195461398,2.54111384925332,True,True,107.798419012275,46.0,,2,2,SA1015-A95736A-R03-C04,False
3193,20.0,62000001,62500000,500000,163,0.57897,0.995433,1.4301499434144598,2.7784269010208,True,True,113.97406317469,46.0,,2,2,SA1015-A95736A-R03-C04,False
3194,20.0,62500001,63000000,500000,109,-1.0,0.902657,,,False,False,,,,2,2,SA1015-A95736A-R03-C04,False
3195,20.0,63000001,63500000,500000,0,-1.0,0.0,,,False,False,,,,2,2,SA1015-A95736A-R03-C04,True
