,chr,start,end,width,reads,gc,map,cor_gc,copy,valid,ideal,modal_curve,modal_quantile,cor_map,multiplier,state,cell_id,is_low_mappability
2306,18.0,1,500000,500000,78,-1.0,0.957064,,,False,False,,,,2,2,SA1015-A95736A-R03-C04,False
2307,18.0,500001,1000000,500000,75,0.424806,0.984224,1.04005028953401,2.02055995328478,True,True,72.1118976214156,46.0,,2,2,SA1015-A95736A-R03-C04,False
2308,18.0,1000001,1500000,500000,79,0.369284,0.996848,1.25799050802297,2.44396378492664,True,True,62.79856604335978,46.0,,2,2,SA1015-A95736A-R03-C04,False
2309,18.0,1500001,2000000,500000,140,0.362284,0.988782,2.26386911885865,4.39813663538654,True,True,61.841030841298,46.0,,2,2,SA1015-A95736A-R03-C04,False
2310,18.0,2000001,2500000,500000,78,0.379332,0.991786,1.21385970096016,2.35822856389498,True,True,64.2578379843256,46.0,,2,2,SA1015-A95736A-R03-C04,False
2311,18.0,2500001,3000000,500000,93,0.40179,0.997359,1.3700486689413205,2.6616650198273195,True,True,67.8808002286987,46.0,,2,2,SA1015-A95736A-R03-C04,False
2312,18.0,3000001,3500000,500000,52,0.41853,0.999635,0.733363706920708,1.42474393046934,True,True,70.9061540805459,46.0,,2,2,SA1015-A95736A-R03-C04,False
2313,18.0,3500001,4000000,500000,42,0.414206,0.995109,0.599160166666259,1.16401971188499,True,True,70.09811789339889,46.0,,2,2,SA1015-A95736A-R03-C04,False
2314,18.0,4000001,4500000,500000,67,0.376408,0.994689,1.04978037626394,2.03946310035981,True,True,63.8228733503726,46.0,,2,2,SA1015-A95736A-R03-C04,False
2315,18.0,4500001,5000000,500000,248,0.376244,0.995102,3.8872248392279305,7.5519144781710175,True,True,63.79872795041541,46.0,,2,2,SA1015-A95736A-R03-C04,False
2316,18.0,5000001,5500000,500000,49,0.390376,0.991217,0.742682240868354,1.44284753248495,True,True,65.9770724323615,46.0,,2,2,SA1015-A95736A-R03-C04,False
2317,18.0,5500001,6000000,500000,89,0.407364,0.992009,1.2925271087056398,2.51105984072723,True,True,68.857356569586,46.0,,2,2,SA1015-A95736A-R03-C04,False
2318,18.0,6000001,6500000,500000,68,0.39419,0.99426,1.02103856272331,1.98362487983396,True,True,66.598855795055,46.0,,2,2,SA1015-A95736A-R03-C04,False
2319,18.0,6500001,7000000,500000,82,0.403404,0.998797,1.20304446664041,2.3372172439888304,True,True,68.1604065966,46.0,,2,2,SA1015-A95736A-R03-C04,False
2320,18.0,7000001,7500000,500000,53,0.435144,0.993433,0.714448858224196,1.38799706718474,True,True,74.18305647759671,46.0,,2,2,SA1015-A95736A-R03-C04,False
2321,18.0,7500001,8000000,500000,68,0.40047,0.990609,1.00511361774725,1.95268665847996,True,True,67.6540430846096,46.0,,2,2,SA1015-A95736A-R03-C04,False
2322,18.0,8000001,8500000,500000,113,0.4134819999999999,0.992347,1.61510176716716,3.13774245731868,True,True,69.96463151557239,46.0,,2,2,SA1015-A95736A-R03-C04,False
2323,18.0,8500001,9000000,500000,68,0.4392979999999999,0.995332,0.906121936987751,1.76037035621672,True,True,75.0450874482241,46.0,,2,2,SA1015-A95736A-R03-C04,False
2324,18.0,9000001,9500000,500000,54,0.399968,0.995913,0.7991918165554441,1.55263163308032,True,True,67.5682594358169,46.0,,2,2,SA1015-A95736A-R03-C04,False
2325,18.0,9500001,10000000,500000,57,0.421542,0.998507,0.797426388911874,1.54920184470094,True,True,71.4799519962954,46.0,,2,2,SA1015-A95736A-R03-C04,False
2326,18.0,10000001,10500000,500000,165,0.441352,0.99921,2.18607782314116,4.24700742709477,True,True,75.4776423114309,46.0,,2,2,SA1015-A95736A-R03-C04,False
2327,18.0,10500001,11000000,500000,64,0.411458,0.994264,0.919616692706,1.78658732212505,True,True,69.5942130102902,46.0,,2,2,SA1015-A95736A-R03-C04,False
2328,18.0,11000001,11500000,500000,84,0.401694,0.997873,1.23776508571645,2.40467080192182,True,True,67.8642506315151,46.0,,2,2,SA1015-A95736A-R03-C04,False
2329,18.0,11500001,12000000,500000,101,0.4463180000000001,0.982545,1.3195594484080402,2.56357697725025,True,True,76.5406970651075,46.0,,2,2,SA1015-A95736A-R03-C04,False
2330,18.0,12000001,12500000,500000,83,0.4500439999999999,0.989171,1.07298437649498,2.08454272208065,True,True,77.3543416085225,46.0,,2,2,SA1015-A95736A-R03-C04,False
2331,18.0,12500001,13000000,500000,68,0.424072,0.998642,0.944852988230004,1.83561518992931,True,True,71.968868011292,46.0,,2,2,SA1015-A95736A-R03-C04,False
2332,18.0,13000001,13500000,500000,57,0.446456,0.99854,0.744411167286395,1.44620640802935,True,True,76.5705869348822,46.0,,2,2,SA1015-A95736A-R03-C04,False
2333,18.0,13500001,14000000,500000,69,0.430918,0.989536,0.9410337956918572,1.82819544535146,True,True,73.3236152791628,46.0,,2,2,SA1015-A95736A-R03-C04,False
2334,18.0,14000001,14500000,500000,24,0.4224100000000001,0.981472,0.3349757537571519,0.65077487134429,True,True,71.6469766268496,46.0,,2,2,SA1015-A95736A-R03-C04,False
2335,18.0,14500001,15000000,500000,14,0.394002,0.964998,0.21031167346764,0.4085834592742779,True,True,66.5678693396642,46.0,,2,2,SA1015-A95736A-R03-C04,False
2336,18.0,15000001,15500000,500000,11,-1.0,0.785379,,,False,False,,,,2,2,SA1015-A95736A-R03-C04,True
2337,18.0,15500001,16000000,500000,0,-1.0,0.0,,,False,False,,,,2,2,SA1015-A95736A-R03-C04,True
2338,18.0,16000001,16500000,500000,0,-1.0,0.0,,,False,False,,,,2,2,SA1015-A95736A-R03-C04,True
2339,18.0,16500001,17000000,500000,0,-1.0,0.0,,,False,False,,,,2,2,SA1015-A95736A-R03-C04,True
2340,18.0,17000001,17500000,500000,0,-1.0,0.0,,,False,False,,,,2,2,SA1015-A95736A-R03-C04,True
2341,18.0,17500001,18000000,500000,0,-1.0,0.0,,,False,False,,,,2,2,SA1015-A95736A-R03-C04,True
2342,18.0,18000001,18500000,500000,0,-1.0,0.0,,,False,False,,,,2,2,SA1015-A95736A-R03-C04,True
2343,18.0,18500001,19000000,500000,50,-1.0,0.976527,,,False,False,,,,2,2,SA1015-A95736A-R03-C04,False
2344,18.0,19000001,19500000,500000,72,0.408796,0.996333,1.04176904587791,2.02389907089562,True,True,69.1132072745786,46.0,,2,2,SA1015-A95736A-R03-C04,False
2345,18.0,19500001,20000000,500000,72,0.43415,0.999136,0.9732450022469152,1.89077383667261,True,True,73.97931644526791,46.0,,2,2,SA1015-A95736A-R03-C04,False
2346,18.0,20000001,20500000,500000,69,0.390298,0.986996,1.04601707061356,2.03215193015425,True,True,65.9645066399603,46.0,,2,2,SA1015-A95736A-R03-C04,False
2347,18.0,20500001,21000000,500000,59,0.443426,0.998916,0.7771476726071751,1.50980532466568,True,True,75.91864722706671,46.0,,2,2,SA1015-A95736A-R03-C04,False
2348,18.0,21000001,21500000,500000,42,0.431246,0.999152,0.5722874878731489,1.11181275693941,True,True,73.3896876831764,46.0,,2,2,SA1015-A95736A-R03-C04,False
2349,18.0,21500001,22000000,500000,69,0.4161760000000001,0.997603,0.979223977626534,1.90238950404495,True,True,70.46396082665771,46.0,,2,2,SA1015-A95736A-R03-C04,False
2350,18.0,22000001,22500000,500000,99,0.4126260000000001,0.986445,1.41818618484486,2.75518428313995,True,True,69.8074773664715,46.0,,2,2,SA1015-A95736A-R03-C04,False
2351,18.0,22500001,23000000,500000,178,0.391942,0.999722,2.6875782663201404,5.22129849959285,True,True,66.230629347855,46.0,,2,2,SA1015-A95736A-R03-C04,False
2352,18.0,23000001,23500000,500000,54,0.392576,0.993799,0.814062499952663,1.58152168546794,True,True,66.33397313245611,46.0,,2,2,SA1015-A95736A-R03-C04,False
2353,18.0,23500001,24000000,500000,71,0.38772,0.996725,1.08309999803341,2.10419486774017,True,True,65.552580674836,46.0,,2,2,SA1015-A95736A-R03-C04,False
2354,18.0,24000001,24500000,500000,61,0.4134560000000001,0.99831,0.8719287164785791,1.6939414029921398,True,True,69.9598474590424,46.0,,2,2,SA1015-A95736A-R03-C04,False
2355,18.0,24500001,25000000,500000,48,0.379562,0.992499,0.7465888920860809,1.45043718760204,True,True,64.2924111365772,46.0,,2,2,SA1015-A95736A-R03-C04,False
2356,18.0,25000001,25500000,500000,46,0.374296,0.985797,0.724250177986376,1.4070386023875,True,True,63.51396437056211,46.0,,2,2,SA1015-A95736A-R03-C04,False
2357,18.0,25500001,26000000,500000,68,0.37116,0.991902,1.0782794662035602,2.09482976908394,True,True,63.063428481501504,46.0,,2,2,SA1015-A95736A-R03-C04,False
2358,18.0,26000001,26500000,500000,68,0.358336,0.996324,1.10889372748124,2.15430569150764,True,True,61.3223777128366,46.0,,2,2,SA1015-A95736A-R03-C04,False
2359,18.0,26500001,27000000,500000,54,0.3466059999999999,0.995668,0.901917583270882,1.75220233892445,True,True,59.8724329158373,46.0,,2,2,SA1015-A95736A-R03-C04,False
2360,18.0,27000001,27500000,500000,55,0.3458239999999999,0.997507,0.920030704716917,1.78739164485622,True,True,59.7806135360699,46.0,,2,2,SA1015-A95736A-R03-C04,False
2361,18.0,27500001,28000000,500000,57,0.34669,0.993827,0.95186673952884,1.84924117046058,True,True,59.8823318778994,46.0,,2,2,SA1015-A95736A-R03-C04,False
2362,18.0,28000001,28500000,500000,35,0.3552659999999999,0.998986,0.5744321806010779,1.11597936338312,True,True,60.929734060818994,46.0,,2,2,SA1015-A95736A-R03-C04,False
2363,18.0,28500001,29000000,500000,186,0.36826,0.993798,2.96861584135162,5.76728485735953,True,True,62.6554629969615,46.0,,2,2,SA1015-A95736A-R03-C04,False
2364,18.0,29000001,29500000,500000,78,0.394636,0.998946,1.16989752527609,2.27282095183969,True,True,66.6725061937306,46.0,,2,2,SA1015-A95736A-R03-C04,False
2365,18.0,29500001,30000000,500000,106,0.411504,0.994088,1.52293190846643,2.95867926463974,True,True,69.6025865704927,46.0,,2,2,SA1015-A95736A-R03-C04,False
2366,18.0,30000001,30500000,500000,74,0.387252,0.993477,1.13014183525246,2.19558549891468,True,True,65.47850693755589,46.0,,2,2,SA1015-A95736A-R03-C04,False
2367,18.0,30500001,31000000,500000,85,0.348942,0.997601,1.41312625428518,2.7453540920826804,True,True,60.1503225506177,46.0,,2,2,SA1015-A95736A-R03-C04,False
2368,18.0,31000001,31500000,500000,52,0.361666,0.994316,0.8419849343562479,1.6357680554001,True,True,61.7588247463803,46.0,,2,2,SA1015-A95736A-R03-C04,False
2369,18.0,31500001,32000000,500000,66,0.3556,0.994581,1.08246409484276,2.10295946543883,True,True,60.971999269488286,46.0,,2,2,SA1015-A95736A-R03-C04,False
2370,18.0,32000001,32500000,500000,64,0.376902,0.989383,1.00163133005559,1.94592143652253,True,True,63.895764918264206,46.0,,2,2,SA1015-A95736A-R03-C04,False
2371,18.0,32500001,33000000,500000,42,0.3967239999999999,0.990995,0.6266792749632739,1.21748251914979,True,True,67.01992818010679,46.0,,2,2,SA1015-A95736A-R03-C04,False
2372,18.0,33000001,33500000,500000,60,0.40993,0.992792,0.865585334080698,1.6816177830955703,True,True,69.3172557778182,46.0,,2,2,SA1015-A95736A-R03-C04,False
2373,18.0,33500001,34000000,500000,72,0.419476,0.99384,1.01286616727858,1.96774794087802,True,True,71.08540330994921,46.0,,2,2,SA1015-A95736A-R03-C04,False
2374,18.0,34000001,34500000,500000,116,0.413512,0.999472,1.65784975450972,3.2207912023429306,True,True,69.9701524124573,46.0,,2,2,SA1015-A95736A-R03-C04,False
2375,18.0,34500001,35000000,500000,79,0.4332899999999999,0.99391,1.07040512946736,2.07953188432975,True,True,73.8038316756863,46.0,,2,2,SA1015-A95736A-R03-C04,False
2376,18.0,35000001,35500000,500000,89,0.4505619999999999,0.988003,1.1488533791601498,2.23193739138033,True,True,77.4685452595022,46.0,,2,2,SA1015-A95736A-R03-C04,False
2377,18.0,35500001,36000000,500000,73,0.37434,0.997287,1.14923791090727,2.2326844412651603,True,True,63.5203549301377,46.0,,2,2,SA1015-A95736A-R03-C04,False
2378,18.0,36000001,36500000,500000,82,0.372672,0.999965,1.29583962362845,2.51749523627016,True,True,63.2794355912607,46.0,,2,2,SA1015-A95736A-R03-C04,False
2379,18.0,36500001,37000000,500000,62,0.363176,0.996709,1.00063990808459,1.9439953493404296,True,True,61.96035107042629,46.0,,2,2,SA1015-A95736A-R03-C04,False
2380,18.0,37000001,37500000,500000,146,0.37327,0.990666,2.30409322669896,4.47628210803974,True,True,63.3654915991278,46.0,,2,2,SA1015-A95736A-R03-C04,False
2381,18.0,37500001,38000000,500000,87,0.361302,0.990214,1.40980681715489,2.73890524840618,True,True,61.7105825715704,46.0,,2,2,SA1015-A95736A-R03-C04,False
2382,18.0,38000001,38500000,500000,96,0.3543139999999999,0.994934,1.5786910487508703,3.06700545523078,True,True,60.809871618616896,46.0,,2,2,SA1015-A95736A-R03-C04,False
2383,18.0,38500001,39000000,500000,39,0.357582,0.998613,0.636993870324682,1.23752122163497,True,True,61.2250789479674,46.0,,2,2,SA1015-A95736A-R03-C04,False
2384,18.0,39000001,39500000,500000,90,0.38068,0.987181,1.3961884385110102,2.71244811379125,True,True,64.4612127686589,46.0,,2,2,SA1015-A95736A-R03-C04,False
2385,18.0,39500001,40000000,500000,27,0.375336,0.998498,0.4240913628430329,0.823904413966877,True,True,63.665526736967294,46.0,,2,2,SA1015-A95736A-R03-C04,False
2386,18.0,40000001,40500000,500000,43,0.36627,0.99622,0.689319837967346,1.33917760863816,True,True,62.3803314972011,46.0,,2,2,SA1015-A95736A-R03-C04,False
2387,18.0,40500001,41000000,500000,116,0.36099,0.993144,1.88099964260019,3.65431613088998,True,True,61.6693365447153,46.0,,2,2,SA1015-A95736A-R03-C04,False
2388,18.0,41000001,41500000,500000,60,0.360734,0.994651,0.973463930831903,1.89119916065541,True,True,61.63556563284799,46.0,,2,2,SA1015-A95736A-R03-C04,False
2389,18.0,41500001,42000000,500000,39,0.362162,0.995154,0.630815099258062,1.22551740075885,True,True,61.8247724981063,46.0,,2,2,SA1015-A95736A-R03-C04,False
2390,18.0,42000001,42500000,500000,83,0.4032659999999999,0.999122,1.21814479984453,2.36655344903635,True,True,68.1363988998624,46.0,,2,2,SA1015-A95736A-R03-C04,False
2391,18.0,42500001,43000000,500000,94,0.406294,0.995064,1.36891525665121,2.65946308064516,True,True,68.6675084840188,46.0,,2,2,SA1015-A95736A-R03-C04,False
2392,18.0,43000001,43500000,500000,122,0.436152,0.995491,1.63999071491946,3.18609551448694,True,True,74.39066507519291,46.0,,2,2,SA1015-A95736A-R03-C04,False
2393,18.0,43500001,44000000,500000,45,0.444362,0.998779,0.591179070347642,1.14851441972077,True,True,76.11906824363359,46.0,,2,2,SA1015-A95736A-R03-C04,False
2394,18.0,44000001,44500000,500000,65,0.4422359999999999,0.998202,0.8590487272049241,1.66891877592596,True,True,75.6650908633433,46.0,,2,2,SA1015-A95736A-R03-C04,False
2395,18.0,44500001,45000000,500000,91,0.4282979999999999,0.979035,1.25000574633471,2.42845137185762,True,True,72.7996653350047,46.0,,2,2,SA1015-A95736A-R03-C04,False
2396,18.0,45000001,45500000,500000,117,0.424858,0.988015,1.6222500441361,3.151629787887,True,True,72.12205074237241,46.0,,2,2,SA1015-A95736A-R03-C04,False
2397,18.0,45500001,46000000,500000,88,0.467072,0.997097,1.08310783401323,2.10421009110694,True,True,81.2476811971105,46.0,,2,2,SA1015-A95736A-R03-C04,False
2398,18.0,46000001,46500000,500000,70,0.490696,0.998412,0.803447338049397,1.56089905668238,True,True,87.12456521412528,46.0,,2,2,SA1015-A95736A-R03-C04,False
2399,18.0,46500001,47000000,500000,100,0.404058,0.992094,1.4646770010678205,2.84550441708052,True,True,68.2744386148584,46.0,,2,2,SA1015-A95736A-R03-C04,False
2400,18.0,47000001,47500000,500000,96,0.449142,0.992902,1.24423066771072,2.41723182534902,True,True,77.156111395833,46.0,,2,2,SA1015-A95736A-R03-C04,False
2401,18.0,47500001,48000000,500000,101,0.4318899999999999,0.986952,1.3737809803402,2.6689159758836403,True,True,73.5197250838255,46.0,,2,2,SA1015-A95736A-R03-C04,False
2402,18.0,48000001,48500000,500000,44,0.431214,0.999879,0.599591975703568,1.16485860982775,True,True,73.38323690601409,46.0,,2,2,SA1015-A95736A-R03-C04,False
2403,18.0,48500001,49000000,500000,128,0.414466,0.999026,1.8247607639842096,3.54505792761598,True,True,70.1461816400103,46.0,,2,2,SA1015-A95736A-R03-C04,False
2404,18.0,49000001,49500000,500000,48,0.397024,0.990794,0.71566806362818,1.39036568112477,True,True,67.0701997748192,46.0,,2,2,SA1015-A95736A-R03-C04,False
2405,18.0,49500001,50000000,500000,50,0.378258,0.997442,0.78006661835572,1.51547611284263,True,True,64.0970896888186,46.0,,2,2,SA1015-A95736A-R03-C04,False
2406,18.0,50000001,50500000,500000,66,0.374198,0.999121,1.0393743714315,2.01924681192675,True,True,63.4997377404062,46.0,,2,2,SA1015-A95736A-R03-C04,False
2407,18.0,50500001,51000000,500000,51,0.361358,0.993489,0.826339210324606,1.60537229114081,True,True,61.717995906264704,46.0,,2,2,SA1015-A95736A-R03-C04,False
2408,18.0,51000001,51500000,500000,74,0.372882,0.995273,1.16885877929896,2.27080292584215,True,True,63.30961559306829,46.0,,2,2,SA1015-A95736A-R03-C04,False
2409,18.0,51500001,52000000,500000,42,0.386678,0.987367,0.6423201641891839,1.24786889057977,True,True,65.38795189937339,46.0,,2,2,SA1015-A95736A-R03-C04,False
2410,18.0,52000001,52500000,500000,42,-1.0,0.695652,,,False,False,,,,2,2,SA1015-A95736A-R03-C04,True
2411,18.0,52500001,53000000,500000,107,0.38789,0.999308,1.6316064059601298,3.16980688009139,True,True,65.5795414930572,46.0,,2,2,SA1015-A95736A-R03-C04,False
2412,18.0,53000001,53500000,500000,59,0.37972,0.995612,0.917342871319933,1.7821698507009802,True,True,64.3161917365825,46.0,,2,2,SA1015-A95736A-R03-C04,False
2413,18.0,53500001,54000000,500000,79,0.3909780000000001,0.994773,1.19562448860785,2.3228020655905297,True,True,66.0742572209984,46.0,,2,2,SA1015-A95736A-R03-C04,False
2414,18.0,54000001,54500000,500000,60,0.382478,0.995668,0.926851634803642,1.8006430215599,True,True,64.7352798948359,46.0,,2,2,SA1015-A95736A-R03-C04,False
2415,18.0,54500001,55000000,500000,102,0.409518,0.994686,1.47307363293251,2.86181699182714,True,True,69.24297449879971,46.0,,2,2,SA1015-A95736A-R03-C04,False
2416,18.0,55000001,55500000,500000,109,0.431436,0.991857,1.4844471465471205,2.8839129100428904,True,True,73.4280100531288,46.0,,2,2,SA1015-A95736A-R03-C04,False
2417,18.0,55500001,56000000,500000,78,0.429296,0.997754,1.06851591259116,2.07586160415049,True,True,72.9984449280209,46.0,,2,2,SA1015-A95736A-R03-C04,False
2418,18.0,56000001,56500000,500000,74,0.4382279999999999,0.99798,0.9890217341165268,1.921424116692949,True,True,74.8214093253499,46.0,,2,2,SA1015-A95736A-R03-C04,False
2419,18.0,56500001,57000000,500000,51,0.4330699999999999,0.997077,0.6914405022422301,1.34329753375265,True,True,73.759057843177,46.0,,2,2,SA1015-A95736A-R03-C04,False
2420,18.0,57000001,57500000,500000,47,0.4235100000000001,0.990125,0.6540521308068471,1.2706611941438102,True,True,71.8597154358632,46.0,,2,2,SA1015-A95736A-R03-C04,False
2421,18.0,57500001,58000000,500000,72,0.387296,0.992342,1.09948067725719,2.13601846779129,True,True,65.4854618997161,46.0,,2,2,SA1015-A95736A-R03-C04,False
2422,18.0,58000001,58500000,500000,37,0.354662,0.996185,0.6080167884949941,1.18122593313084,True,True,60.8535828288311,46.0,,2,2,SA1015-A95736A-R03-C04,False
2423,18.0,58500001,59000000,500000,70,0.369456,0.99156,1.11424683662618,2.16470545589661,True,True,62.8227047177017,46.0,,2,2,SA1015-A95736A-R03-C04,False
2424,18.0,59000001,59500000,500000,91,0.401542,0.99272,1.3414297559323798,2.60606556457568,True,True,67.8380657634579,46.0,,2,2,SA1015-A95736A-R03-C04,False
2425,18.0,59500001,60000000,500000,59,0.382032,0.994944,0.912366457729799,1.77250191241723,True,True,64.6669981125864,46.0,,2,2,SA1015-A95736A-R03-C04,False
2426,18.0,60000001,60500000,500000,88,0.423468,0.99861,1.22474706067365,2.3793800055660803,True,True,71.8515706839885,46.0,,2,2,SA1015-A95736A-R03-C04,False
2427,18.0,60500001,61000000,500000,149,0.4212,0.990341,2.08641547520278,4.053388184716741,True,True,71.4143476075965,46.0,,2,2,SA1015-A95736A-R03-C04,False
2428,18.0,61000001,61500000,500000,199,0.393934,0.995202,2.9899332362897795,5.808699272560282,True,True,66.5566700903796,46.0,,2,2,SA1015-A95736A-R03-C04,False
2429,18.0,61500001,62000000,500000,54,0.386418,0.990212,0.82635722966739,1.6054072982580398,True,True,65.3470412810875,46.0,,2,2,SA1015-A95736A-R03-C04,False
2430,18.0,62000001,62500000,500000,60,0.364096,0.99647,0.966428807827141,1.87753166019615,True,True,62.0842420197513,46.0,,2,2,SA1015-A95736A-R03-C04,False
2431,18.0,62500001,63000000,500000,48,0.34658,0.996361,0.8017455287337859,1.55759286294747,True,True,59.869370367188,46.0,,2,2,SA1015-A95736A-R03-C04,False
2432,18.0,63000001,63500000,500000,61,0.34597,0.997071,1.02010594846864,1.98181304147017,True,True,59.7977103178075,46.0,,2,2,SA1015-A95736A-R03-C04,False
2433,18.0,63500001,64000000,500000,60,0.349218,0.99948,0.99695078817105,1.93682830363585,True,True,60.1835122775444,46.0,,2,2,SA1015-A95736A-R03-C04,False
2434,18.0,64000001,64500000,500000,84,0.34152,0.996655,1.41685846509769,2.7526048527246,True,True,59.28609107347101,46.0,,2,2,SA1015-A95736A-R03-C04,False
2435,18.0,64500001,65000000,500000,90,0.343732,0.997143,1.5116407566836,2.9367433550511097,True,True,59.537955431588,46.0,,2,2,SA1015-A95736A-R03-C04,False
2436,18.0,65000001,65500000,500000,54,0.357698,0.998008,0.8817764531333799,1.7130731147136,True,True,61.2400113522104,46.0,,2,2,SA1015-A95736A-R03-C04,False
2437,18.0,65500001,66000000,500000,97,0.34383,0.995735,1.6289044617762,3.164557672174241,True,True,59.54922604498779,46.0,,2,2,SA1015-A95736A-R03-C04,False
2438,18.0,66000001,66500000,500000,128,0.36375,0.990494,2.0632665238464702,4.00841550931653,True,True,62.0375499338664,46.0,,2,2,SA1015-A95736A-R03-C04,False
2439,18.0,66500001,67000000,500000,52,0.346156,0.99636,0.8692814403386271,1.68879840153586,True,True,59.8195217187008,46.0,,2,2,SA1015-A95736A-R03-C04,False
2440,18.0,67000001,67500000,500000,70,0.361308,0.992152,1.13431272697376,2.20368850784256,True,True,61.71137670892021,46.0,,2,2,SA1015-A95736A-R03-C04,False
2441,18.0,67500001,68000000,500000,75,0.386562,0.998174,1.14732070203334,2.2289597795716403,True,True,65.3696912006219,46.0,,2,2,SA1015-A95736A-R03-C04,False
2442,18.0,68000001,68500000,500000,169,0.393728,0.985132,2.5404834724617995,4.93552977014034,True,True,66.522770894563,46.0,,2,2,SA1015-A95736A-R03-C04,False
2443,18.0,68500001,69000000,500000,66,0.367062,0.994225,1.05617978085384,2.05189555749129,True,True,62.489361372402286,46.0,,2,2,SA1015-A95736A-R03-C04,False
2444,18.0,69000001,69500000,500000,55,0.350192,0.994566,0.912087364120891,1.77195970270386,True,True,60.3012410472448,46.0,,2,2,SA1015-A95736A-R03-C04,False
2445,18.0,69500001,70000000,500000,68,0.350364,0.996842,1.127281176573,2.19002794806749,True,True,60.3221285098753,46.0,,2,2,SA1015-A95736A-R03-C04,False
2446,18.0,70000001,70500000,500000,72,0.3714719999999999,0.999649,1.14090463784394,2.21649495696714,True,True,63.1078160362854,46.0,,2,2,SA1015-A95736A-R03-C04,False
2447,18.0,70500001,71000000,500000,39,0.366684,0.988217,0.624627156470839,1.21349576150265,True,True,62.4372469175869,46.0,,2,2,SA1015-A95736A-R03-C04,False
2448,18.0,71000001,71500000,500000,70,0.372726,0.994909,1.10606898166314,2.14881791044966,True,True,63.2871919929843,46.0,,2,2,SA1015-A95736A-R03-C04,False
2449,18.0,71500001,72000000,500000,116,0.423282,0.99815,1.61524969351216,3.1380298415459102,True,True,71.8155220619622,46.0,,2,2,SA1015-A95736A-R03-C04,False
2450,18.0,72000001,72500000,500000,83,-1.0,0.899064,,,False,False,,,,2,2,SA1015-A95736A-R03-C04,True
2451,18.0,72500001,73000000,500000,155,0.419178,0.997684,2.18221211199171,4.2394973083840295,True,True,71.0288423147515,46.0,,2,2,SA1015-A95736A-R03-C04,False
2452,18.0,73000001,73500000,500000,136,0.4164779999999999,0.999108,1.9285204111616296,3.74663720696755,True,True,70.52038402750509,46.0,,2,2,SA1015-A95736A-R03-C04,False
2453,18.0,73500001,74000000,500000,94,0.408944,0.988498,1.35956491959145,2.64129769306458,True,True,69.1397657040512,46.0,,2,2,SA1015-A95736A-R03-C04,False
2454,18.0,74000001,74500000,500000,124,0.452166,0.996454,1.5933415864165903,3.09546781902159,True,True,77.8238646735348,46.0,,2,2,SA1015-A95736A-R03-C04,False
2455,18.0,74500001,75000000,500000,85,0.4491020000000001,0.997991,1.10178783499248,2.14050070348003,True,True,77.147339351936,46.0,,2,2,SA1015-A95736A-R03-C04,False
2456,18.0,75000001,75500000,500000,125,0.410836,0.994527,1.799047965733,3.49510433310609,True,True,69.4811935984543,46.0,,2,2,SA1015-A95736A-R03-C04,False
2457,18.0,75500001,76000000,500000,69,-1.0,0.898424,,,False,False,,,,2,2,SA1015-A95736A-R03-C04,True
2458,18.0,76000001,76500000,500000,108,0.459354,0.994602,1.35938928395146,2.64095647654448,True,True,79.4474410494589,46.0,,2,2,SA1015-A95736A-R03-C04,False
2459,18.0,76500001,77000000,500000,72,0.452262,0.99096,0.924912382494192,1.79687553493429,True,True,77.8452114629918,46.0,,2,2,SA1015-A95736A-R03-C04,False
2460,18.0,77000001,77500000,500000,126,0.512484,0.990218,1.35433604363518,2.63113928297206,True,True,93.034517239756,46.0,,2,2,SA1015-A95736A-R03-C04,False
2461,18.0,77500001,78000000,500000,64,0.4868399999999999,0.988709,0.743083660841423,1.4436273920073102,True,True,86.1275834372812,46.0,,2,2,SA1015-A95736A-R03-C04,False
2462,18.0,78000001,78500000,500000,62,-1.0,0.2122639999999999,,,False,False,,,,2,2,SA1015-A95736A-R03-C04,True
