,chr,start,end,width,reads,gc,map,cor_gc,copy,valid,ideal,modal_curve,modal_quantile,cor_map,multiplier,state,cell_id,is_low_mappability
3396,3.0,1,500000,500000,68,-1.0,0.877408,,,False,False,,,,2,2,SA1015-A95736A-R03-C04,True
3397,3.0,500001,1000000,500000,52,0.365432,0.986388,0.8351314722239581,1.62245347699441,True,True,62.2656452660367,46.0,,2,2,SA1015-A95736A-R03-C04,False
3398,3.0,1000001,1500000,500000,64,0.364236,0.995562,1.03054323303998,2.00209009868376,True,True,62.1031684534063,46.0,,2,2,SA1015-A95736A-R03-C04,False
3399,3.0,1500001,2000000,500000,129,0.3679199999999999,0.991634,2.06043370604266,4.0029120463908185,True,True,62.608177890742205,46.0,,2,2,SA1015-A95736A-R03-C04,False
3400,3.0,2000001,2500000,500000,59,0.370548,0.994817,0.936855308751652,1.82007768079559,True,True,62.9766405215942,46.0,,2,2,SA1015-A95736A-R03-C04,False
3401,3.0,2500001,3000000,500000,60,0.383322,0.998363,0.9249975920474052,1.7970410759784,True,True,64.8650337210014,46.0,,2,2,SA1015-A95736A-R03-C04,False
3402,3.0,3000001,3500000,500000,102,0.39591,0.997842,1.5250290120390702,2.9627534171489103,True,True,66.883973481671,46.0,,2,2,SA1015-A95736A-R03-C04,False
3403,3.0,3500001,4000000,500000,69,0.392568,0.989354,1.04021145997402,2.0208730675063,True,True,66.3326666308052,46.0,,2,2,SA1015-A95736A-R03-C04,False
3404,3.0,4000001,4500000,500000,48,0.394482,0.978029,0.7202118890975301,1.39919320789965,True,True,66.6470530778754,46.0,,2,2,SA1015-A95736A-R03-C04,False
3405,3.0,4500001,5000000,500000,87,0.42203,0.99231,1.21552920807481,2.36147200245898,True,True,71.57376344562991,46.0,,2,2,SA1015-A95736A-R03-C04,False
3406,3.0,5000001,5500000,500000,98,0.428796,0.997421,1.34433064037953,2.6117012641202098,True,True,72.8987326899974,46.0,,2,2,SA1015-A95736A-R03-C04,False
3407,3.0,5500001,6000000,500000,76,0.386576,0.995449,1.16257912870798,2.2586031210515403,True,True,65.3718943711483,46.0,,2,2,SA1015-A95736A-R03-C04,False
3408,3.0,6000001,6500000,500000,55,0.3753579999999999,0.993209,0.863846153908804,1.6782389870486498,True,True,63.6687444299328,46.0,,2,2,SA1015-A95736A-R03-C04,False
3409,3.0,6500001,7000000,500000,59,0.371422,0.988901,0.935013456100822,1.8164994175677696,True,True,63.100696161144896,46.0,,2,2,SA1015-A95736A-R03-C04,False
3410,3.0,7000001,7500000,500000,86,0.371576,0.999384,1.36242731801751,2.6468586238082703,True,True,63.1226333050484,46.0,,2,2,SA1015-A95736A-R03-C04,False
3411,3.0,7500001,8000000,500000,183,0.39053,0.998855,2.7726474749268903,5.38656688891798,True,True,66.0018995039481,46.0,,2,2,SA1015-A95736A-R03-C04,False
3412,3.0,8000001,8500000,500000,57,0.39965,0.992692,0.844268742932124,1.6402049294588,True,True,67.5140474845017,46.0,,2,2,SA1015-A95736A-R03-C04,False
3413,3.0,8500001,9000000,500000,105,0.4369939999999999,0.98888,1.40817010386816,2.7357255201223905,True,True,74.5648552767676,46.0,,2,2,SA1015-A95736A-R03-C04,False
3414,3.0,9000001,9500000,500000,64,0.441038,0.999708,0.8486797830344549,1.64877448717422,True,True,75.4112461253265,46.0,,2,2,SA1015-A95736A-R03-C04,False
3415,3.0,9500001,10000000,500000,93,0.480202,0.998808,1.10129824265975,2.13954954691491,True,True,84.4457898846682,46.0,,2,2,SA1015-A95736A-R03-C04,False
3416,3.0,10000001,10500000,500000,84,0.4773020000000001,0.995477,1.00328764150501,1.94913923917934,True,True,83.7247430597203,46.0,,2,2,SA1015-A95736A-R03-C04,False
3417,3.0,10500001,11000000,500000,133,0.476908,0.998664,1.5903874092206898,3.08972858487397,True,True,83.6274226197322,46.0,,2,2,SA1015-A95736A-R03-C04,False
3418,3.0,11000001,11500000,500000,74,0.448996,0.998804,0.959492544453234,1.86405621949892,True,True,77.12410109676141,46.0,,2,2,SA1015-A95736A-R03-C04,False
3419,3.0,11500001,12000000,500000,52,0.447062,0.995495,0.6779478435680141,1.31708464188117,True,True,76.70206564317091,46.0,,2,2,SA1015-A95736A-R03-C04,False
3420,3.0,12000001,12500000,500000,96,0.40715,0.992748,1.39495759478905,2.71005688948375,True,True,68.81929627009029,46.0,,2,2,SA1015-A95736A-R03-C04,False
3421,3.0,12500001,13000000,500000,70,0.478048,0.998707,0.834232808344815,1.6207075957962298,True,True,83.90943067665441,46.0,,2,2,SA1015-A95736A-R03-C04,False
3422,3.0,13000001,13500000,500000,86,0.519652,0.999714,0.904486529929491,1.75719316561114,True,True,95.0815707633635,46.0,,2,2,SA1015-A95736A-R03-C04,False
3423,3.0,13500001,14000000,500000,160,0.4996640000000001,0.998694,1.78770543164154,3.4730686004260405,True,True,89.50020353917152,46.0,,2,2,SA1015-A95736A-R03-C04,False
3424,3.0,14000001,14500000,500000,92,0.460528,0.993658,1.15407567736155,2.24208302252532,True,True,79.71747590273371,46.0,,2,2,SA1015-A95736A-R03-C04,False
3425,3.0,14500001,15000000,500000,120,0.480022,0.999271,1.4217875910604798,2.76218092286788,True,True,84.4007928853102,46.0,,2,2,SA1015-A95736A-R03-C04,False
3426,3.0,15000001,15500000,500000,56,0.4343079999999999,0.990653,0.756637777575712,1.46995968165815,True,True,74.0116362936907,46.0,,2,2,SA1015-A95736A-R03-C04,False
3427,3.0,15500001,16000000,500000,76,0.403826,0.996996,1.1138152326468,2.16386695633059,True,True,68.23393842387871,46.0,,2,2,SA1015-A95736A-R03-C04,False
3428,3.0,16000001,16500000,500000,78,0.428062,0.998412,1.07212363293577,2.08287051066618,True,True,72.7528035049602,46.0,,2,2,SA1015-A95736A-R03-C04,False
3429,3.0,16500001,17000000,500000,75,0.401118,0.995363,1.10676366698066,2.15016751185532,True,True,67.7651446623702,46.0,,2,2,SA1015-A95736A-R03-C04,False
3430,3.0,17000001,17500000,500000,72,0.384084,0.992079,1.10798572034533,2.15254165867714,True,True,64.9827869420187,46.0,,2,2,SA1015-A95736A-R03-C04,False
3431,3.0,17500001,18000000,500000,54,0.381972,0.991991,0.835165706847371,1.6225199863832098,True,True,64.6578272518422,46.0,,2,2,SA1015-A95736A-R03-C04,False
3432,3.0,18000001,18500000,500000,45,0.376708,0.995332,0.7045880035170959,1.36883987033876,True,True,63.86711067371739,46.0,,2,2,SA1015-A95736A-R03-C04,False
3433,3.0,18500001,19000000,500000,88,0.37022,0.988171,1.39837294415496,2.7166920668638097,True,True,62.93027934202389,46.0,,2,2,SA1015-A95736A-R03-C04,False
3434,3.0,19000001,19500000,500000,108,0.363354,0.984796,1.7423779384438798,3.38500851481325,True,True,61.9842558936753,46.0,,2,2,SA1015-A95736A-R03-C04,False
3435,3.0,19500001,20000000,500000,57,0.384698,0.986913,0.8758708502123951,1.70159999184423,True,True,65.0780876954379,46.0,,2,2,SA1015-A95736A-R03-C04,False
3436,3.0,20000001,20500000,500000,57,0.390184,0.994013,0.8643415604497879,1.67920143917946,True,True,65.9461520863791,46.0,,2,2,SA1015-A95736A-R03-C04,False
3437,3.0,20500001,21000000,500000,92,0.366664,0.998968,1.47354442829281,2.8627316305333594,True,True,62.4344934794991,46.0,,2,2,SA1015-A95736A-R03-C04,False
3438,3.0,21000001,21500000,500000,84,0.365466,0.990994,1.3489580169643,2.6206911100056,True,True,62.27028487442021,46.0,,2,2,SA1015-A95736A-R03-C04,False
3439,3.0,21500001,22000000,500000,36,0.36551,0.998978,0.578069110306076,1.1230450164469898,True,True,62.2762907724627,46.0,,2,2,SA1015-A95736A-R03-C04,False
3440,3.0,22000001,22500000,500000,50,0.36072,0.980504,0.811244225835152,1.57604647732029,True,True,61.6337206573353,46.0,,2,2,SA1015-A95736A-R03-C04,False
3441,3.0,22500001,23000000,500000,85,0.374048,0.989907,1.33904700591982,2.6014364718265,True,True,63.4779807013657,46.0,,2,2,SA1015-A95736A-R03-C04,False
3442,3.0,23000001,23500000,500000,66,0.384688,0.993517,1.01419048292143,1.97032075796234,True,True,65.0765325758956,46.0,,2,2,SA1015-A95736A-R03-C04,False
3443,3.0,23500001,24000000,500000,62,0.41433,0.997864,0.8841855004997459,1.7177532967038602,True,True,70.1210322550611,46.0,,2,2,SA1015-A95736A-R03-C04,False
3444,3.0,24000001,24500000,500000,68,0.393708,0.987166,1.0222569089323,1.98599182457104,True,True,66.51948194805861,46.0,,2,2,SA1015-A95736A-R03-C04,False
3445,3.0,24500001,25000000,500000,62,0.3769619999999999,0.999362,0.970195673412474,1.88484974647306,True,True,63.9046346000772,46.0,,2,2,SA1015-A95736A-R03-C04,False
3446,3.0,25000001,25500000,500000,95,0.38569,0.998863,1.45632152328396,2.82927179451358,True,True,65.2328476103121,46.0,,2,2,SA1015-A95736A-R03-C04,False
3447,3.0,25500001,26000000,500000,87,0.389152,0.998446,1.3225787806675,2.56944279153878,True,True,65.7805805383413,46.0,,2,2,SA1015-A95736A-R03-C04,False
3448,3.0,26000001,26500000,500000,54,0.380562,0.978769,0.837945420070471,1.6279202802697,True,True,64.44333808216129,46.0,,2,2,SA1015-A95736A-R03-C04,False
3449,3.0,26500001,27000000,500000,55,0.381286,0.986192,0.8520100773759208,1.6552444237212602,True,True,64.5532270808261,46.0,,2,2,SA1015-A95736A-R03-C04,False
3450,3.0,27000001,27500000,500000,52,0.380752,0.994472,0.8065501034644592,1.5669269609147098,True,True,64.4721261291009,46.0,,2,2,SA1015-A95736A-R03-C04,False
3451,3.0,27500001,28000000,500000,67,0.407488,0.995487,0.97271419169615,1.8897426033251,True,True,68.8794309489514,46.0,,2,2,SA1015-A95736A-R03-C04,False
3452,3.0,28000001,28500000,500000,81,0.369736,0.992301,1.28853550586423,2.5033051456592004,True,True,62.8620628856265,46.0,,2,2,SA1015-A95736A-R03-C04,False
3453,3.0,28500001,29000000,500000,68,0.37797,0.995533,1.06160131830911,2.0624282611284,True,True,64.054178180853,46.0,,2,2,SA1015-A95736A-R03-C04,False
3454,3.0,29000001,29500000,500000,54,0.367014,0.994026,0.8642387259321409,1.67900165719751,True,True,62.4827358225093,46.0,,2,2,SA1015-A95736A-R03-C04,False
3455,3.0,29500001,30000000,500000,65,0.36096,0.998611,1.05407612140008,2.0478086685298704,True,True,61.6653756596476,46.0,,2,2,SA1015-A95736A-R03-C04,False
3456,3.0,30000001,30500000,500000,70,0.373194,0.991245,1.10489327900251,2.14653381155853,True,True,63.354535076179886,46.0,,2,2,SA1015-A95736A-R03-C04,False
3457,3.0,30500001,31000000,500000,54,0.3877739999999999,0.999392,0.82365862892773,1.60016458582448,True,True,65.5611415985519,46.0,,2,2,SA1015-A95736A-R03-C04,False
3458,3.0,31000001,31500000,500000,144,0.396596,0.999606,2.14930165479296,4.175560446359899,True,True,66.9985060863276,46.0,,2,2,SA1015-A95736A-R03-C04,False
3459,3.0,31500001,32000000,500000,141,0.406798,0.998923,2.0507065246638403,3.98401454369296,True,True,68.75679103967029,46.0,,2,2,SA1015-A95736A-R03-C04,False
3460,3.0,32000001,32500000,500000,119,0.43281,0.996509,1.61451807005946,3.1366084784981094,True,True,73.70620509414141,46.0,,2,2,SA1015-A95736A-R03-C04,False
3461,3.0,32500001,33000000,500000,64,0.432228,0.99877,0.8697053765944749,1.6896220046153798,True,True,73.5881388368625,46.0,,2,2,SA1015-A95736A-R03-C04,False
3462,3.0,33000001,33500000,500000,46,0.4171,0.998872,0.651217909964653,1.26515500546223,True,True,70.6368779115685,46.0,,2,2,SA1015-A95736A-R03-C04,False
3463,3.0,33500001,34000000,500000,60,0.38578,0.995466,0.919583404010952,1.7865226504406202,True,True,65.2469365348457,46.0,,2,2,SA1015-A95736A-R03-C04,False
3464,3.0,34000001,34500000,500000,89,0.398104,0.991823,1.32338238372924,2.571003993128,True,True,67.25191531505901,46.0,,2,2,SA1015-A95736A-R03-C04,False
3465,3.0,34500001,35000000,500000,76,0.369822,0.990212,1.2087635283122,2.34832796344218,True,True,62.874167047477705,46.0,,2,2,SA1015-A95736A-R03-C04,False
3466,3.0,35000001,35500000,500000,80,0.358848,0.993183,1.30316996924649,2.53173628110097,True,True,61.3887688390004,46.0,,2,2,SA1015-A95736A-R03-C04,False
3467,3.0,35500001,36000000,500000,56,0.363034,0.994628,0.904081717749154,1.75640671587076,True,True,61.941303424894286,46.0,,2,2,SA1015-A95736A-R03-C04,False
3468,3.0,36000001,36500000,500000,59,0.37574,0.991251,0.92585775538869,1.79871216017324,True,True,63.7246916781843,46.0,,2,2,SA1015-A95736A-R03-C04,False
3469,3.0,36500001,37000000,500000,174,0.412454,0.997845,2.4936945645380297,4.8446305179022,True,True,69.7759871936179,46.0,,2,2,SA1015-A95736A-R03-C04,False
3470,3.0,37000001,37500000,500000,45,0.406012,0.99906,0.6558078250496651,1.27407207293779,True,True,68.61766249372229,46.0,,2,2,SA1015-A95736A-R03-C04,False
3471,3.0,37500001,38000000,500000,102,0.439738,0.996841,1.35751310589419,2.6373115275589303,True,True,75.13739613792741,46.0,,2,2,SA1015-A95736A-R03-C04,False
3472,3.0,38000001,38500000,500000,170,0.455172,0.991859,2.1656984464678897,4.207415348910391,True,True,78.4966163120534,46.0,,2,2,SA1015-A95736A-R03-C04,False
3473,3.0,38500001,39000000,500000,108,0.4384520000000001,0.995553,1.44253614031661,2.80249021188743,True,True,74.8681415886715,46.0,,2,2,SA1015-A95736A-R03-C04,False
3474,3.0,39000001,39500000,500000,53,0.440738,0.996536,0.70340379718837,1.36653925092802,True,True,75.34790146406709,46.0,,2,2,SA1015-A95736A-R03-C04,False
3475,3.0,39500001,40000000,500000,83,0.392088,0.991794,1.2527471293963,2.43377719973978,True,True,66.2543924886087,46.0,,2,2,SA1015-A95736A-R03-C04,False
3476,3.0,40000001,40500000,500000,64,0.411242,0.987564,0.920136180684101,1.78759655851998,True,True,69.5549216991092,46.0,,2,2,SA1015-A95736A-R03-C04,False
3477,3.0,40500001,41000000,500000,96,0.41847,0.991565,1.3541187727331498,2.63071717945642,True,True,70.89481508792159,46.0,,2,2,SA1015-A95736A-R03-C04,False
3478,3.0,41000001,41500000,500000,75,0.41226,0.996407,1.0754152223458,2.08926525312381,True,True,69.7405043573802,46.0,,2,2,SA1015-A95736A-R03-C04,False
3479,3.0,41500001,42000000,500000,86,0.3891239999999999,0.98539,1.30746572241586,2.54008186487761,True,True,65.7761029796591,46.0,,2,2,SA1015-A95736A-R03-C04,False
3480,3.0,42000001,42500000,500000,104,0.44072,0.994083,1.3803336293883202,2.68164614901833,True,True,75.3441036179685,46.0,,2,2,SA1015-A95736A-R03-C04,False
3481,3.0,42500001,43000000,500000,120,0.453982,0.995305,1.53395366116773,2.98009179857908,True,True,78.22922102395779,46.0,,2,2,SA1015-A95736A-R03-C04,False
3482,3.0,43000001,43500000,500000,51,0.43091,0.99124,0.695561993141802,1.3513045691271002,True,True,73.3220050877662,46.0,,2,2,SA1015-A95736A-R03-C04,False
3483,3.0,43500001,44000000,500000,767,0.4172619999999999,0.989302,10.8536791319306,21.0860086483007,True,False,70.66728163573141,46.0,,2,2,SA1015-A95736A-R03-C04,False
3484,3.0,44000001,44500000,500000,53,0.4183439999999999,0.999349,0.747837464241208,1.4528628538614698,True,True,70.871014805037,46.0,,2,2,SA1015-A95736A-R03-C04,False
3485,3.0,44500001,45000000,500000,61,0.432856,0.997143,0.8275051749103071,1.60763747136576,True,True,73.71555109200591,46.0,,2,2,SA1015-A95736A-R03-C04,False
3486,3.0,45000001,45500000,500000,68,0.44618,0.999387,0.888763113802761,1.7266464648658002,True,True,76.51082605020319,46.0,,2,2,SA1015-A95736A-R03-C04,False
3487,3.0,45500001,46000000,500000,116,0.44233,0.999368,1.53266690531658,2.97759195086146,True,True,75.6850686849273,46.0,,2,2,SA1015-A95736A-R03-C04,False
3488,3.0,46000001,46500000,500000,77,0.4292899999999999,0.993565,1.05483430205032,2.04928162563074,True,True,72.99724691388259,46.0,,2,2,SA1015-A95736A-R03-C04,False
3489,3.0,46500001,47000000,500000,55,0.47544,0.985794,0.660532357399066,1.2832506683954,True,True,83.26617066356879,46.0,,2,2,SA1015-A95736A-R03-C04,False
3490,3.0,47000001,47500000,500000,71,0.459492,0.997785,0.893316472646804,1.7354925126250202,True,True,79.47911202133591,46.0,,2,2,SA1015-A95736A-R03-C04,False
3491,3.0,47500001,48000000,500000,53,0.449316,0.998664,0.6865792952068009,1.3338534132526598,True,True,77.194288219886,46.0,,2,2,SA1015-A95736A-R03-C04,False
3492,3.0,48000001,48500000,500000,32,0.458188,0.993434,0.404139413251723,0.7851427206720071,True,True,79.18059696906741,46.0,,2,2,SA1015-A95736A-R03-C04,False
3493,3.0,48500001,49000000,500000,86,0.4951279999999999,0.996858,0.9740775587389828,1.89239128760133,True,True,88.28865753907058,46.0,,2,2,SA1015-A95736A-R03-C04,False
3494,3.0,49000001,49500000,500000,86,0.492542,0.999091,0.981655984048511,1.90711428979024,True,True,87.6070654052572,46.0,,2,2,SA1015-A95736A-R03-C04,False
3495,3.0,49500001,50000000,500000,68,0.50222,0.99929,0.7539481911346991,1.4647344817728305,True,True,90.1918736586653,46.0,,2,2,SA1015-A95736A-R03-C04,False
3496,3.0,50000001,50500000,500000,129,0.526922,0.997863,1.32702786482316,2.57808625942122,True,True,97.2097145956996,46.0,,2,2,SA1015-A95736A-R03-C04,False
3497,3.0,50500001,51000000,500000,66,0.455024,0.99547,0.841157756388129,1.63416105361043,True,True,78.463284085258,46.0,,2,2,SA1015-A95736A-R03-C04,False
3498,3.0,51000001,51500000,500000,77,0.414876,0.98808,1.09652073255445,2.13026802880724,True,True,70.2221104571558,46.0,,2,2,SA1015-A95736A-R03-C04,False
3499,3.0,51500001,52000000,500000,110,0.4579319999999999,0.998459,1.39025473545618,2.7009203993259705,True,True,79.1221904839664,46.0,,2,2,SA1015-A95736A-R03-C04,False
3500,3.0,52000001,52500000,500000,111,0.532868,0.99993,1.12133461327965,2.17847524934597,True,True,98.9891854629812,46.0,,2,2,SA1015-A95736A-R03-C04,False
3501,3.0,52500001,53000000,500000,76,0.464296,0.998983,0.943005471024754,1.83202592187612,True,True,80.593381836281,46.0,,2,2,SA1015-A95736A-R03-C04,False
3502,3.0,53000001,53500000,500000,68,0.4571739999999999,0.991424,0.8613086267493241,1.67330920066196,True,True,78.94963302137079,46.0,,2,2,SA1015-A95736A-R03-C04,False
3503,3.0,53500001,54000000,500000,75,0.43963,0.994899,0.998472725462086,1.93978505060532,True,True,75.1147208005012,46.0,,2,2,SA1015-A95736A-R03-C04,False
3504,3.0,54000001,54500000,500000,77,0.4253159999999999,0.986788,1.0663107948965,2.0715776069717498,True,True,72.2115919378588,46.0,,2,2,SA1015-A95736A-R03-C04,False
3505,3.0,54500001,55000000,500000,54,0.425646,0.996787,0.7471335262561191,1.45149527681584,True,True,72.2762372485058,46.0,,2,2,SA1015-A95736A-R03-C04,False
3506,3.0,55000001,55500000,500000,84,0.408388,0.989477,1.21668413856861,2.363715746178,True,True,69.0401044422453,46.0,,2,2,SA1015-A95736A-R03-C04,False
3507,3.0,55500001,56000000,500000,81,0.422666,0.998223,1.12976415596738,2.19485176166534,True,True,71.6963797905612,46.0,,2,2,SA1015-A95736A-R03-C04,False
3508,3.0,56000001,56500000,500000,80,0.394804,0.998627,1.19939490511583,2.33012705043009,True,True,66.70030000859,46.0,,2,2,SA1015-A95736A-R03-C04,False
3509,3.0,56500001,57000000,500000,55,0.413682,0.996062,0.785697961986371,1.52641641788151,True,True,70.0014543259743,46.0,,2,2,SA1015-A95736A-R03-C04,False
3510,3.0,57000001,57500000,500000,80,0.417614,0.994185,1.1310068790978798,2.19726606471952,True,True,70.7334336143117,46.0,,2,2,SA1015-A95736A-R03-C04,False
3511,3.0,57500001,58000000,500000,92,0.417552,0.997509,1.3008723646113602,2.52727260471827,True,True,70.7217729446386,46.0,,2,2,SA1015-A95736A-R03-C04,False
3512,3.0,58000001,58500000,500000,53,0.452912,0.99951,0.679574417162656,1.32024467125617,True,True,77.9899870587896,46.0,,2,2,SA1015-A95736A-R03-C04,False
3513,3.0,58500001,59000000,500000,85,0.424038,0.975237,1.1811747603748002,2.2947298247601005,True,True,71.96225558784259,46.0,,2,2,SA1015-A95736A-R03-C04,False
3514,3.0,59000001,59500000,500000,71,0.394108,0.995177,1.06630084240237,2.07155827174221,True,True,66.5853361233753,46.0,,2,2,SA1015-A95736A-R03-C04,False
3515,3.0,59500001,60000000,500000,68,0.406528,0.99885,0.989682129750868,1.92270710174232,True,True,68.7089298228691,46.0,,2,2,SA1015-A95736A-R03-C04,False
3516,3.0,60000001,60500000,500000,56,-1.0,0.997818,,,False,False,,,,2,2,SA1015-A95736A-R03-C04,False
3517,3.0,60500001,61000000,500000,55,-1.0,0.995677,,,False,False,,,,2,2,SA1015-A95736A-R03-C04,False
3518,3.0,61000001,61500000,500000,52,0.393786,0.993644,0.781575134798577,1.5184067864302295,True,True,66.5323110789613,46.0,,2,2,SA1015-A95736A-R03-C04,False
3519,3.0,61500001,62000000,500000,68,0.409708,0.99915,0.981563784739192,1.90693516938231,True,True,69.277209547893,46.0,,2,2,SA1015-A95736A-R03-C04,False
3520,3.0,62000001,62500000,500000,64,0.404936,0.999915,0.9352870049049758,1.8170308550996896,True,True,68.42819333997089,46.0,,2,2,SA1015-A95736A-R03-C04,False
3521,3.0,62500001,63000000,500000,81,0.397432,0.99401,1.20645745824842,2.34384784082962,True,True,67.138712141246,46.0,,2,2,SA1015-A95736A-R03-C04,False
3522,3.0,63000001,63500000,500000,39,0.38795,0.978183,0.594611322019187,1.15518243409172,True,True,65.5890639074335,46.0,,2,2,SA1015-A95736A-R03-C04,False
3523,3.0,63500001,64000000,500000,101,0.398072,0.989614,1.5019365788208898,2.91789054248401,True,True,67.2465145494299,46.0,,2,2,SA1015-A95736A-R03-C04,False
3524,3.0,64000001,64500000,500000,70,0.415912,0.998863,0.994110446570123,1.93131022383698,True,True,70.4147112038847,46.0,,2,2,SA1015-A95736A-R03-C04,False
3525,3.0,64500001,65000000,500000,70,0.398782,0.996979,1.03909086036696,2.01869602019188,True,True,67.36658233648501,46.0,,2,2,SA1015-A95736A-R03-C04,False
3526,3.0,65000001,65500000,500000,67,0.396866,0.992233,0.999348003063736,1.94148549806223,True,True,67.0437122950121,46.0,,2,2,SA1015-A95736A-R03-C04,False
3527,3.0,65500001,66000000,500000,62,0.403602,0.996257,0.90915909127696,1.7662707942921498,True,True,68.1948853560028,46.0,,2,2,SA1015-A95736A-R03-C04,False
3528,3.0,66000001,66500000,500000,50,-1.0,0.798191,,,False,False,,,,2,2,SA1015-A95736A-R03-C04,True
3529,3.0,66500001,67000000,500000,59,0.4109060000000001,0.996673,0.848995456456486,1.64938776239879,True,True,69.4938936967373,46.0,,2,2,SA1015-A95736A-R03-C04,False
3530,3.0,67000001,67500000,500000,74,0.387824,0.991947,1.12858088308087,2.19255295570148,True,True,65.56907095394929,46.0,,2,2,SA1015-A95736A-R03-C04,False
3531,3.0,67500001,68000000,500000,87,0.387046,0.996645,1.3293408173318202,2.58257975291849,True,True,65.4459705635321,46.0,,2,2,SA1015-A95736A-R03-C04,False
3532,3.0,68000001,68500000,500000,86,0.380412,0.995801,1.33497595556507,2.59352742992978,True,True,64.4206359234372,46.0,,2,2,SA1015-A95736A-R03-C04,False
3533,3.0,68500001,69000000,500000,42,0.3915079999999999,0.997083,0.634823558444807,1.23330484352831,True,True,66.160115580606,46.0,,2,2,SA1015-A95736A-R03-C04,False
3534,3.0,69000001,69500000,500000,51,0.406638,0.998571,0.7420511035697142,1.44162138913064,True,True,68.728420124516,46.0,,2,2,SA1015-A95736A-R03-C04,False
3535,3.0,69500001,70000000,500000,84,0.395464,0.997056,1.25730131860623,2.4426248606941297,True,True,66.8097605219388,46.0,,2,2,SA1015-A95736A-R03-C04,False
3536,3.0,70000001,70500000,500000,60,0.374632,0.992058,0.943948145532152,1.8338573048177,True,True,63.5628135761366,46.0,,2,2,SA1015-A95736A-R03-C04,False
3537,3.0,70500001,71000000,500000,50,0.379226,0.996315,0.778307972734855,1.51205950025255,True,True,64.2419219018246,46.0,,2,2,SA1015-A95736A-R03-C04,False
3538,3.0,71000001,71500000,500000,143,0.409166,0.999788,2.06708204480686,4.015828120928759,True,True,69.1796440103862,46.0,,2,2,SA1015-A95736A-R03-C04,False
3539,3.0,71500001,72000000,500000,70,0.4207939999999999,0.999362,0.981263244994278,1.90635129514175,True,True,71.3366167102368,46.0,,2,2,SA1015-A95736A-R03-C04,False
3540,3.0,72000001,72500000,500000,98,0.448076,0.999459,1.27400329700672,2.4750726654169,True,True,76.92287785302591,46.0,,2,2,SA1015-A95736A-R03-C04,False
3541,3.0,72500001,73000000,500000,43,0.43659,0.997513,0.577326977435528,1.1216032362048898,True,True,74.48118948295979,46.0,,2,2,SA1015-A95736A-R03-C04,False
3542,3.0,73000001,73500000,500000,73,0.42006,0.997668,1.02533126305217,1.99196453269808,True,True,71.19650266265779,46.0,,2,2,SA1015-A95736A-R03-C04,False
3543,3.0,73500001,74000000,500000,82,0.398012,0.998482,1.2195776567967098,2.3693371349845096,True,True,67.2363908464655,46.0,,2,2,SA1015-A95736A-R03-C04,False
3544,3.0,74000001,74500000,500000,46,0.373424,0.997017,0.725692719153997,1.4098411023662,True,True,63.387710508693296,46.0,,2,2,SA1015-A95736A-R03-C04,False
3545,3.0,74500001,75000000,500000,85,0.36704,0.99208,1.36029764664372,2.64272120013286,True,True,62.486324378875,46.0,,2,2,SA1015-A95736A-R03-C04,False
3546,3.0,75000001,75500000,500000,46,0.403692,0.983546,0.6743822806864311,1.3101576368681005,True,True,68.21057035065951,46.0,,2,2,SA1015-A95736A-R03-C04,False
3547,3.0,75500001,76000000,500000,30,0.415376,0.992602,0.426651910555565,0.8288789235828841,True,True,70.31493181627971,46.0,,2,2,SA1015-A95736A-R03-C04,False
3548,3.0,76000001,76500000,500000,53,0.354898,0.996087,0.8705179412058249,1.69120061627452,True,True,60.8832942909659,46.0,,2,2,SA1015-A95736A-R03-C04,False
3549,3.0,76500001,77000000,500000,73,0.357132,0.997418,1.1934485702278,2.3185747954435,True,True,61.167277602977286,46.0,,2,2,SA1015-A95736A-R03-C04,False
3550,3.0,77000001,77500000,500000,80,0.361626,0.997784,1.29547277459957,2.51678253952451,True,True,61.7535169928432,46.0,,2,2,SA1015-A95736A-R03-C04,False
3551,3.0,77500001,78000000,500000,82,0.359102,0.989981,1.3350308548566698,2.59363408564749,True,True,61.4218013776194,46.0,,2,2,SA1015-A95736A-R03-C04,False
3552,3.0,78000001,78500000,500000,110,0.363436,0.997973,1.7743286611646798,3.44708085060104,True,True,61.9952787821145,46.0,,2,2,SA1015-A95736A-R03-C04,False
3553,3.0,78500001,79000000,500000,44,0.360828,0.991625,0.7137300435703442,1.38660058845864,True,True,61.6479583511654,46.0,,2,2,SA1015-A95736A-R03-C04,False
3554,3.0,79000001,79500000,500000,41,0.351914,0.990449,0.6775551447824519,1.31632172546473,True,True,60.5116798473491,46.0,,2,2,SA1015-A95736A-R03-C04,False
3555,3.0,79500001,80000000,500000,84,0.348856,0.996861,1.3967410252411,2.71352165285833,True,True,60.1399962355226,46.0,,2,2,SA1015-A95736A-R03-C04,False
3556,3.0,80000001,80500000,500000,50,0.347594,0.998068,0.833481891675715,1.61924875081045,True,True,59.989305705820506,46.0,,2,2,SA1015-A95736A-R03-C04,False
3557,3.0,80500001,81000000,500000,124,0.347248,0.989788,2.06845013236281,4.0184859759920695,True,True,59.94826660788471,46.0,,2,2,SA1015-A95736A-R03-C04,False
3558,3.0,81000001,81500000,500000,56,0.359586,0.988755,0.9107924039622428,1.76944391605009,True,True,61.4849220924349,46.0,,2,2,SA1015-A95736A-R03-C04,False
3559,3.0,81500001,82000000,500000,102,0.360698,0.9954,1.6550160620511398,3.2152860401797496,True,True,61.6308218021684,46.0,,2,2,SA1015-A95736A-R03-C04,False
3560,3.0,82000001,82500000,500000,82,0.357106,0.98925,1.34065912870093,2.60456842685219,True,True,61.1639440962569,46.0,,2,2,SA1015-A95736A-R03-C04,False
3561,3.0,82500001,83000000,500000,58,0.350428,0.996501,0.9613805467191392,1.8677241399914093,True,True,60.3299080659932,46.0,,2,2,SA1015-A95736A-R03-C04,False
3562,3.0,83000001,83500000,500000,46,0.33737,0.996839,0.781958772424621,1.51915209925938,True,True,58.8266307920144,46.0,,2,2,SA1015-A95736A-R03-C04,False
3563,3.0,83500001,84000000,500000,50,0.341036,0.995736,0.844143612796389,1.6399618326165102,True,True,59.2316274648638,46.0,,2,2,SA1015-A95736A-R03-C04,False
3564,3.0,84000001,84500000,500000,78,0.340478,0.997197,1.31825509535305,2.56104294252676,True,True,59.1691246064254,46.0,,2,2,SA1015-A95736A-R03-C04,False
3565,3.0,84500001,85000000,500000,59,0.353842,0.996803,0.971180998146293,1.88676398823441,True,True,60.7507767477063,46.0,,2,2,SA1015-A95736A-R03-C04,False
3566,3.0,85000001,85500000,500000,85,0.339362,0.99495,1.4395789157988998,2.7967450575487405,True,True,59.045043704901104,46.0,,2,2,SA1015-A95736A-R03-C04,False
3567,3.0,85500001,86000000,500000,110,0.3415019999999999,0.996976,1.85547341687586,3.6047250005608897,True,True,59.28406141501721,46.0,,2,2,SA1015-A95736A-R03-C04,False
3568,3.0,86000001,86500000,500000,57,0.349794,0.994842,0.946010661471926,1.83786426212818,True,True,60.253020733732605,46.0,,2,2,SA1015-A95736A-R03-C04,False
3569,3.0,86500001,87000000,500000,58,0.354218,0.998679,0.9539813468818532,1.85334932847699,True,True,60.79783445407661,46.0,,2,2,SA1015-A95736A-R03-C04,False
3570,3.0,87000001,87500000,500000,76,0.361986,0.995801,1.229746722704,2.38909310980742,True,True,61.801343802640105,46.0,,2,2,SA1015-A95736A-R03-C04,False
3571,3.0,87500001,88000000,500000,41,0.360848,0.99255,0.665038174944662,1.29200435519406,True,True,61.650596228422,46.0,,2,2,SA1015-A95736A-R03-C04,False
3572,3.0,88000001,88500000,500000,46,0.36677,0.997684,0.736599990579452,1.43103122755885,True,True,62.4490912140981,46.0,,2,2,SA1015-A95736A-R03-C04,False
3573,3.0,88500001,89000000,500000,56,0.35183,0.987005,0.9255992355035328,1.79820992010627,True,True,60.5013464272532,46.0,,2,2,SA1015-A95736A-R03-C04,False
3574,3.0,89000001,89500000,500000,75,0.347586,0.992098,1.25024264112458,2.42891159972388,True,True,59.988355486370295,46.0,,2,2,SA1015-A95736A-R03-C04,False
3575,3.0,89500001,90000000,500000,57,0.358242,0.97732,0.9296982275882092,1.80617324585933,True,True,61.31021691615721,46.0,,2,2,SA1015-A95736A-R03-C04,False
3576,3.0,90000001,90500000,500000,24,0.367082,0.974537,0.384048404284534,0.746110869473374,True,True,62.4921226914378,46.0,,2,2,SA1015-A95736A-R03-C04,False
3577,3.0,90500001,91000000,500000,0,-1.0,0.00946,,,False,False,,,,2,2,SA1015-A95736A-R03-C04,True
3578,3.0,91000001,91500000,500000,0,-1.0,0.0,,,False,False,,,,2,2,SA1015-A95736A-R03-C04,True
3579,3.0,91500001,92000000,500000,0,-1.0,0.0,,,False,False,,,,2,2,SA1015-A95736A-R03-C04,True
3580,3.0,92000001,92500000,500000,0,-1.0,0.0,,,False,False,,,,2,2,SA1015-A95736A-R03-C04,True
3581,3.0,92500001,93000000,500000,0,-1.0,0.0,,,False,False,,,,2,2,SA1015-A95736A-R03-C04,True
3582,3.0,93000001,93500000,500000,0,-1.0,0.0,,,False,False,,,,2,2,SA1015-A95736A-R03-C04,True
3583,3.0,93500001,94000000,500000,46,-1.0,0.981954,,,False,False,,,,2,2,SA1015-A95736A-R03-C04,False
3584,3.0,94000001,94500000,500000,66,0.362448,0.995643,1.0668751355661,2.07267398103026,True,True,61.862909538124704,46.0,,2,2,SA1015-A95736A-R03-C04,False
3585,3.0,94500001,95000000,500000,66,0.344982,0.993526,1.10585316829727,2.14839863856554,True,True,59.68242610510671,46.0,,2,2,SA1015-A95736A-R03-C04,False
3586,3.0,95000001,95500000,500000,54,0.3457119999999999,0.996167,0.9035008776539591,1.75527828751741,True,True,59.7675125011688,46.0,,2,2,SA1015-A95736A-R03-C04,False
3587,3.0,95500001,96000000,500000,63,0.342878,0.993551,1.05988978649636,2.05910317899111,True,True,59.4401425531772,46.0,,2,2,SA1015-A95736A-R03-C04,False
3588,3.0,96000001,96500000,500000,77,0.3563699999999999,0.997189,1.2608511419106998,2.4495212876096697,True,True,61.0698578448472,46.0,,2,2,SA1015-A95736A-R03-C04,False
3589,3.0,96500001,97000000,500000,38,0.352902,0.996898,0.626713723328147,1.21754944378528,True,True,60.63374485913921,46.0,,2,2,SA1015-A95736A-R03-C04,False
3590,3.0,97000001,97500000,500000,52,0.355672,0.992226,0.852722873967102,1.6566292108430702,True,True,60.9811248032806,46.0,,2,2,SA1015-A95736A-R03-C04,False
3591,3.0,97500001,98000000,500000,35,0.372136,0.993612,0.553774663072798,1.07584692645007,True,True,63.2026026719806,46.0,,2,2,SA1015-A95736A-R03-C04,False
3592,3.0,98000001,98500000,500000,113,0.3795219999999999,0.99523,1.7577591745714598,3.4148904446239103,True,True,64.286394652185,46.0,,2,2,SA1015-A95736A-R03-C04,False
3593,3.0,98500001,99000000,500000,94,0.376322,0.991202,1.47311852337105,2.86190420282387,True,True,63.810208417509095,46.0,,2,2,SA1015-A95736A-R03-C04,False
3594,3.0,99000001,99500000,500000,77,0.376336,0.990495,1.20666449289761,2.34425005784287,True,True,63.812269651771295,46.0,,2,2,SA1015-A95736A-R03-C04,False
3595,3.0,99500001,100000000,500000,97,0.39247,0.99893,1.4626790549166,2.84162290286664,True,True,66.3166671279988,46.0,,2,2,SA1015-A95736A-R03-C04,False
3596,3.0,100000001,100500000,500000,43,0.390788,0.990159,0.6510855777816639,1.26489791682703,True,True,66.0435455297701,46.0,,2,2,SA1015-A95736A-R03-C04,False
3597,3.0,100500001,101000000,500000,58,0.376628,0.995384,0.9083035417302592,1.76460867355673,True,True,63.8553053415533,46.0,,2,2,SA1015-A95736A-R03-C04,False
3598,3.0,101000001,101500000,500000,51,0.398706,0.989414,0.7571966400918481,1.47104541302217,True,True,67.3537061572457,46.0,,2,2,SA1015-A95736A-R03-C04,False
3599,3.0,101500001,102000000,500000,73,0.38568,0.993844,1.1190949650660602,2.17412416792675,True,True,65.23128266928721,46.0,,2,2,SA1015-A95736A-R03-C04,False
3600,3.0,102000001,102500000,500000,52,0.3662559999999999,0.99691,0.8336217639601851,1.6195204879941498,True,True,62.3784097873956,46.0,,2,2,SA1015-A95736A-R03-C04,False
3601,3.0,102500001,103000000,500000,56,0.351582,0.98627,0.926065586144288,1.79911592382395,True,True,60.470878993742,46.0,,2,2,SA1015-A95736A-R03-C04,False
3602,3.0,103000001,103500000,500000,176,0.346102,0.98839,2.94249499512618,5.71653852676366,True,True,59.81318584790071,46.0,,2,2,SA1015-A95736A-R03-C04,False
3603,3.0,103500001,104000000,500000,127,0.34424,0.999075,2.13099827944599,4.1400015242499,True,True,59.596481717018,46.0,,2,2,SA1015-A95736A-R03-C04,False
3604,3.0,104000001,104500000,500000,70,0.3525,0.998726,1.15542129561567,2.2446972253038395,True,True,60.58396211461571,46.0,,2,2,SA1015-A95736A-R03-C04,False
3605,3.0,104500001,105000000,500000,49,0.3548179999999999,0.999928,0.804951715598218,1.56382168942462,True,True,60.873216430857,46.0,,2,2,SA1015-A95736A-R03-C04,False
3606,3.0,105000001,105500000,500000,60,0.359826,0.988687,0.9753511272725808,1.8948655156291896,True,True,61.5163076376205,46.0,,2,2,SA1015-A95736A-R03-C04,False
3607,3.0,105500001,106000000,500000,114,0.366878,0.995362,1.82505193602375,3.54562360272663,True,True,62.4639758188869,46.0,,2,2,SA1015-A95736A-R03-C04,False
3608,3.0,106000001,106500000,500000,58,0.363242,0.994328,0.93594866009421,1.8183162871520704,True,True,61.969210997280506,46.0,,2,2,SA1015-A95736A-R03-C04,False
3609,3.0,106500001,107000000,500000,50,0.377976,0.987822,0.7805783204902591,1.5164702232731202,True,True,64.055071333004,46.0,,2,2,SA1015-A95736A-R03-C04,False
3610,3.0,107000001,107500000,500000,72,0.37655,0.993213,1.12775239878646,2.1909434160436003,True,True,63.843801243497296,46.0,,2,2,SA1015-A95736A-R03-C04,False
3611,3.0,107500001,108000000,500000,74,0.397232,0.990789,1.10274766330281,2.14236541200941,True,True,67.10510705446829,46.0,,2,2,SA1015-A95736A-R03-C04,False
3612,3.0,108000001,108500000,500000,96,0.3794099999999999,0.987156,1.49370875723461,2.9019059242715,True,True,64.26955692335261,46.0,,2,2,SA1015-A95736A-R03-C04,False
3613,3.0,108500001,109000000,500000,43,0.38337,0.988504,0.6628393165238421,1.28773251823314,True,True,64.8724342809157,46.0,,2,2,SA1015-A95736A-R03-C04,False
3614,3.0,109000001,109500000,500000,234,0.393178,0.992027,3.52237396757692,6.843099656813308,True,True,66.4324691682216,46.0,,2,2,SA1015-A95736A-R03-C04,False
3615,3.0,109500001,110000000,500000,45,0.354994,0.992352,0.738972120906532,1.43563968889106,True,True,60.895396087197895,46.0,,2,2,SA1015-A95736A-R03-C04,False
3616,3.0,110000001,110500000,500000,47,0.3630739999999999,0.990869,0.7587171727286128,1.47399943109651,True,True,61.9466669391066,46.0,,2,2,SA1015-A95736A-R03-C04,False
3617,3.0,110500001,111000000,500000,98,0.368502,0.9907,1.56326796063707,3.0370422173832297,True,True,62.689188589307896,46.0,,2,2,SA1015-A95736A-R03-C04,False
3618,3.0,111000001,111500000,500000,84,0.385312,0.987578,1.28886223240542,2.50393989435495,True,True,65.1737617008372,46.0,,2,2,SA1015-A95736A-R03-C04,False
3619,3.0,111500001,112000000,500000,59,0.389026,0.993642,0.8971959755760992,1.74302942534594,True,True,65.760437636956,46.0,,2,2,SA1015-A95736A-R03-C04,False
3620,3.0,112000001,112500000,500000,48,0.38811,0.991114,0.7315459037260629,1.4212123893746298,True,True,65.6144744376482,46.0,,2,2,SA1015-A95736A-R03-C04,False
3621,3.0,112500001,113000000,500000,76,0.403862,0.985719,1.1137127139976,2.16366778800275,True,True,68.2402194433094,46.0,,2,2,SA1015-A95736A-R03-C04,False
3622,3.0,113000001,113500000,500000,32,0.39366,0.995614,0.481119154655923,0.934695280063378,True,True,66.5115900922404,46.0,,2,2,SA1015-A95736A-R03-C04,False
3623,3.0,113500001,114000000,500000,46,0.4012179999999999,0.99525,0.678642974334746,1.31843510868425,True,True,67.7823269961536,46.0,,2,2,SA1015-A95736A-R03-C04,False
3624,3.0,114000001,114500000,500000,65,0.37449,0.995765,1.02294295272391,1.98732463763354,True,True,63.542155334192,46.0,,2,2,SA1015-A95736A-R03-C04,False
3625,3.0,114500001,115000000,500000,76,0.35595,0.998723,1.24556660908286,2.41982722834409,True,True,61.0164076700486,46.0,,2,2,SA1015-A95736A-R03-C04,False
3626,3.0,115000001,115500000,500000,479,0.382688,0.993363,7.39568471180714,14.3679824967823,True,False,64.7674987057359,46.0,,2,2,SA1015-A95736A-R03-C04,False
3627,3.0,115500001,116000000,500000,71,0.378056,0.993562,1.10821512414321,2.15298733340247,True,True,64.0669834341884,46.0,,2,2,SA1015-A95736A-R03-C04,False
3628,3.0,116000001,116500000,500000,79,0.371324,0.985362,1.25224396598828,2.4327996779387404,True,True,63.0867483858488,46.0,,2,2,SA1015-A95736A-R03-C04,False
3629,3.0,116500001,117000000,500000,64,0.36906,0.99681,1.01964126132562,1.98091026951631,True,True,62.767173541795,46.0,,2,2,SA1015-A95736A-R03-C04,False
3630,3.0,117000001,117500000,500000,90,0.370662,0.997771,1.4287351933246002,2.7756783922186203,True,True,62.9927788021897,46.0,,2,2,SA1015-A95736A-R03-C04,False
3631,3.0,117500001,118000000,500000,48,0.36139,0.9962,0.777677625787516,1.51083489235495,True,True,61.7222334915354,46.0,,2,2,SA1015-A95736A-R03-C04,False
3632,3.0,118000001,118500000,500000,57,0.377142,0.998122,0.8915825452907701,1.7321239214974902,True,True,63.9312650310025,46.0,,2,2,SA1015-A95736A-R03-C04,False
3633,3.0,118500001,119000000,500000,125,0.395794,0.980168,1.86944813611532,3.6318744166399104,True,True,66.8646525063529,46.0,,2,2,SA1015-A95736A-R03-C04,False
3634,3.0,119000001,119500000,500000,94,0.4170100000000001,0.999135,1.33106772049143,2.58593469777319,True,True,70.61999818108059,46.0,,2,2,SA1015-A95736A-R03-C04,False
3635,3.0,119500001,120000000,500000,92,0.395754,0.998781,1.3760508745518705,2.6733258177811403,True,True,66.8579931900854,46.0,,2,2,SA1015-A95736A-R03-C04,False
3636,3.0,120000001,120500000,500000,74,0.408626,0.982452,1.07117947465915,2.08103624512873,True,True,69.0827277320144,46.0,,2,2,SA1015-A95736A-R03-C04,False
3637,3.0,120500001,121000000,500000,95,0.366002,0.989624,1.52381372348218,2.96039241267206,True,True,62.3435781789054,46.0,,2,2,SA1015-A95736A-R03-C04,False
3638,3.0,121000001,121500000,500000,110,0.3931139999999999,0.99309,1.65607828465651,3.21734967544767,True,True,66.42198078384651,46.0,,2,2,SA1015-A95736A-R03-C04,False
3639,3.0,121500001,122000000,500000,79,0.394314,0.985324,1.1858423128942,2.30379772252954,True,True,66.61931282177821,46.0,,2,2,SA1015-A95736A-R03-C04,False
3640,3.0,122000001,122500000,500000,77,0.40358,0.99564,1.1291804014673998,2.19371767134579,True,True,68.1910524659626,46.0,,2,2,SA1015-A95736A-R03-C04,False
3641,3.0,122500001,123000000,500000,65,0.4401859999999999,0.998725,0.8639988673657439,1.6785356714479802,True,True,75.23158010401009,46.0,,2,2,SA1015-A95736A-R03-C04,False
3642,3.0,123000001,123500000,500000,151,0.470262,0.998789,1.84126175038616,3.57711525469814,True,True,82.0089810524393,46.0,,2,2,SA1015-A95736A-R03-C04,False
3643,3.0,123500001,124000000,500000,58,0.420278,0.997189,0.81417151165599,1.58173346819076,True,True,71.2380612311409,46.0,,2,2,SA1015-A95736A-R03-C04,False
3644,3.0,124000001,124500000,500000,62,0.430176,0.997182,0.847289238959362,1.64607300465969,True,True,73.1745396367222,46.0,,2,2,SA1015-A95736A-R03-C04,False
3645,3.0,124500001,125000000,500000,74,0.440476,0.995414,0.982831613800026,1.90939824703703,True,True,75.2926533507464,46.0,,2,2,SA1015-A95736A-R03-C04,False
3646,3.0,125000001,125500000,500000,49,0.419002,0.996759,0.6901847985563501,1.3408580126963998,True,True,70.9954784609754,46.0,,2,2,SA1015-A95736A-R03-C04,False
3647,3.0,125500001,126000000,500000,93,0.454996,0.991377,1.18536297844845,2.30286649449656,True,True,78.45698042782621,46.0,,2,2,SA1015-A95736A-R03-C04,False
3648,3.0,126000001,126500000,500000,110,0.476696,0.989465,1.3161811650283102,2.5570138098951603,True,True,83.57512090490509,46.0,,2,2,SA1015-A95736A-R03-C04,False
3649,3.0,126500001,127000000,500000,144,0.495514,0.995942,1.62912581035283,3.1649876976010494,True,True,88.3909634755666,46.0,,2,2,SA1015-A95736A-R03-C04,False
3650,3.0,127000001,127500000,500000,80,0.4893979999999999,0.995711,0.921793652039086,1.79081661458583,True,True,86.7873192910725,46.0,,2,2,SA1015-A95736A-R03-C04,False
3651,3.0,127500001,128000000,500000,656,0.441956,0.999789,8.676602029538241,16.8564873909409,True,False,75.60563429862779,46.0,,2,2,SA1015-A95736A-R03-C04,False
3652,3.0,128000001,128500000,500000,127,0.497386,0.999788,1.4287447862283,2.7756970288530805,True,True,88.88921326198748,46.0,,2,2,SA1015-A95736A-R03-C04,False
3653,3.0,128500001,129000000,500000,168,0.478334,0.993175,2.00046720532386,3.88641199720058,True,True,83.9803819592246,46.0,,2,2,SA1015-A95736A-R03-C04,False
3654,3.0,129000001,129500000,500000,94,0.481112,0.995562,1.11014313795047,2.1567329864036204,True,True,84.6737657393813,46.0,,2,2,SA1015-A95736A-R03-C04,False
3655,3.0,129500001,130000000,500000,50,0.440536,0.988912,0.6639638945972299,1.28991729472163,True,True,75.3052995906212,46.0,,2,2,SA1015-A95736A-R03-C04,False
3656,3.0,130000001,130500000,500000,81,0.385144,0.989175,1.24333154656777,2.41548505580058,True,True,65.147546705142,46.0,,2,2,SA1015-A95736A-R03-C04,False
3657,3.0,130500001,131000000,500000,70,0.38432,0.990904,1.07660219914893,2.09157125487972,True,True,65.0193730380042,46.0,,2,2,SA1015-A95736A-R03-C04,False
3658,3.0,131000001,131500000,500000,73,0.394732,0.989897,1.09464339333713,2.1266208239755,True,True,66.68838495197251,46.0,,2,2,SA1015-A95736A-R03-C04,False
3659,3.0,131500001,132000000,500000,66,0.388984,0.991858,1.00374538725663,1.95002852573001,True,True,65.753726829457,46.0,,2,2,SA1015-A95736A-R03-C04,False
3660,3.0,132000001,132500000,500000,66,0.3818,0.987675,1.02117298196556,1.98388602310806,True,True,64.63155720489489,46.0,,2,2,SA1015-A95736A-R03-C04,False
3661,3.0,132500001,133000000,500000,58,0.395152,0.97749,0.8688102277753299,1.68788295230763,True,True,66.7579618031367,46.0,,2,2,SA1015-A95736A-R03-C04,False
3662,3.0,133000001,133500000,500000,70,0.42677,0.992977,0.9655541038748752,1.87583232719782,True,True,72.4972321272131,46.0,,2,2,SA1015-A95736A-R03-C04,False
3663,3.0,133500001,134000000,500000,133,0.439662,0.99812,1.77046663589185,3.4395778926351,True,True,75.1214382150742,46.0,,2,2,SA1015-A95736A-R03-C04,False
3664,3.0,134000001,134500000,500000,102,0.439982,0.997574,1.35658740270812,2.63551311568863,True,True,75.18866812147921,46.0,,2,2,SA1015-A95736A-R03-C04,False
3665,3.0,134500001,135000000,500000,118,0.445518,0.987761,1.5451539703476205,3.0018512235040404,True,True,76.3677939315347,46.0,,2,2,SA1015-A95736A-R03-C04,False
3666,3.0,135000001,135500000,500000,48,0.40784,0.980473,0.6962356330229311,1.3526132844656202,True,True,68.94217664728329,46.0,,2,2,SA1015-A95736A-R03-C04,False
3667,3.0,135500001,136000000,500000,63,0.408998,0.992516,0.911070003694134,1.76998322353065,True,True,69.1494613416671,46.0,,2,2,SA1015-A95736A-R03-C04,False
3668,3.0,136000001,136500000,500000,45,0.394588,0.989425,0.675021227025104,1.31139895125185,True,True,66.6645702362874,46.0,,2,2,SA1015-A95736A-R03-C04,False
3669,3.0,136500001,137000000,500000,63,0.411506,0.983002,0.905134040715415,1.7584511185933402,True,True,69.6029506858509,46.0,,2,2,SA1015-A95736A-R03-C04,False
3670,3.0,137000001,137500000,500000,111,0.3903,0.980475,1.68271489639191,3.26909801060546,True,True,65.9648287645202,46.0,,2,2,SA1015-A95736A-R03-C04,False
3671,3.0,137500001,138000000,500000,71,0.4066079999999999,0.996187,1.03313145780305,2.00711837794966,True,True,68.7231033996206,46.0,,2,2,SA1015-A95736A-R03-C04,False
3672,3.0,138000001,138500000,500000,83,0.42535,0.996836,1.14929402206654,2.23279345134139,True,True,72.218247381778,46.0,,2,2,SA1015-A95736A-R03-C04,False
3673,3.0,138500001,139000000,500000,90,0.43642,0.994215,1.20892944487529,2.34865029820458,True,True,74.44603188508191,46.0,,2,2,SA1015-A95736A-R03-C04,False
3674,3.0,139000001,139500000,500000,142,0.4270239999999999,0.992712,1.95734246351922,3.8026313116289,True,True,72.5473455190308,46.0,,2,2,SA1015-A95736A-R03-C04,False
3675,3.0,139500001,140000000,500000,98,0.41902,0.997068,1.38030328381119,2.68158719508262,True,True,70.9988892654156,46.0,,2,2,SA1015-A95736A-R03-C04,False
3676,3.0,140000001,140500000,500000,82,0.420438,0.997003,1.15057694694132,2.23528585642136,True,True,71.26859287246059,46.0,,2,2,SA1015-A95736A-R03-C04,False
3677,3.0,140500001,141000000,500000,69,0.4228119999999999,0.997352,0.962013246620954,1.86895331909642,True,True,71.72458408692471,46.0,,2,2,SA1015-A95736A-R03-C04,False
3678,3.0,141000001,141500000,500000,91,0.4138199999999999,0.992118,1.29950089594704,2.52460818099934,True,True,70.0268851555362,46.0,,2,2,SA1015-A95736A-R03-C04,False
3679,3.0,141500001,142000000,500000,55,0.4121039999999999,0.998015,0.788960307402972,1.53275434650756,True,True,69.7119987962943,46.0,,2,2,SA1015-A95736A-R03-C04,False
3680,3.0,142000001,142500000,500000,78,0.3769639999999999,0.99261,1.2205631022903,2.3712516113521804,True,True,63.904930317521895,46.0,,2,2,SA1015-A95736A-R03-C04,False
3681,3.0,142500001,143000000,500000,74,0.4088,0.997777,1.0706959593219698,2.08009689465989,True,True,69.1139247848299,46.0,,2,2,SA1015-A95736A-R03-C04,False
3682,3.0,143000001,143500000,500000,72,0.391128,0.997554,1.0892829476025798,2.11620680641118,True,True,66.0985285397754,46.0,,2,2,SA1015-A95736A-R03-C04,False
3683,3.0,143500001,144000000,500000,70,0.377046,0.998172,1.09516930275298,2.12764253563254,True,True,63.9170581425516,46.0,,2,2,SA1015-A95736A-R03-C04,False
3684,3.0,144000001,144500000,500000,74,0.354176,0.997844,1.21725399510291,2.36482283619462,True,True,60.7925710638097,46.0,,2,2,SA1015-A95736A-R03-C04,False
3685,3.0,144500001,145000000,500000,43,0.349338,0.994006,0.7143098475448921,1.3877270038863605,True,True,60.1979661176344,46.0,,2,2,SA1015-A95736A-R03-C04,False
3686,3.0,145000001,145500000,500000,51,0.348654,0.995272,0.8483630805867272,1.64815921280776,True,True,60.1157702015138,46.0,,2,2,SA1015-A95736A-R03-C04,False
3687,3.0,145500001,146000000,500000,77,0.358694,0.98964,1.25470979885887,2.43759018009036,True,True,61.368772340847215,46.0,,2,2,SA1015-A95736A-R03-C04,False
3688,3.0,146000001,146500000,500000,75,0.365346,0.994667,1.20474351093877,2.34051806598048,True,True,62.2539148947631,46.0,,2,2,SA1015-A95736A-R03-C04,False
3689,3.0,146500001,147000000,500000,111,0.349638,0.994036,1.8428080395191,3.58011931126123,True,True,60.2341630921942,46.0,,2,2,SA1015-A95736A-R03-C04,False
3690,3.0,147000001,147500000,500000,58,0.368896,0.997536,0.9243879172962808,1.79585662903478,True,True,62.7442212460357,46.0,,2,2,SA1015-A95736A-R03-C04,False
3691,3.0,147500001,148000000,500000,64,0.355994,0.998433,1.04880208818773,2.03756252908027,True,True,61.0219990223212,46.0,,2,2,SA1015-A95736A-R03-C04,False
3692,3.0,148000001,148500000,500000,52,0.361318,0.98622,0.842614238313487,1.63699063702642,True,True,61.7127003503753,46.0,,2,2,SA1015-A95736A-R03-C04,False
3693,3.0,148500001,149000000,500000,76,0.387646,0.997819,1.15958208777493,2.25278061328569,True,True,65.5408537275985,46.0,,2,2,SA1015-A95736A-R03-C04,False
3694,3.0,149000001,149500000,500000,100,0.405784,0.998729,1.45820594294246,2.83293275488778,True,True,68.57741904289159,46.0,,2,2,SA1015-A95736A-R03-C04,False
3695,3.0,149500001,150000000,500000,74,0.387546,0.997363,1.12933968607103,2.19402712185458,True,True,65.5250151152006,46.0,,2,2,SA1015-A95736A-R03-C04,False
3696,3.0,150000001,150500000,500000,276,0.3945639999999999,0.997478,4.14037658093489,8.04372557283122,True,False,66.6606031129853,46.0,,2,2,SA1015-A95736A-R03-C04,False
3697,3.0,150500001,151000000,500000,54,0.406582,0.993141,0.785814633813082,1.5266430823256298,True,True,68.7184962921481,46.0,,2,2,SA1015-A95736A-R03-C04,False
3698,3.0,151000001,151500000,500000,74,0.374712,0.997297,1.16398942362044,2.2613429745481404,True,True,63.5744608141136,46.0,,2,2,SA1015-A95736A-R03-C04,False
3699,3.0,151500001,152000000,500000,54,0.36545,0.997337,0.8672177053323349,1.68478907588126,True,True,62.26810138672871,46.0,,2,2,SA1015-A95736A-R03-C04,False
3700,3.0,152000001,152500000,500000,77,0.364796,0.997096,1.23835885898002,2.40582435621604,True,True,62.179068241512496,46.0,,2,2,SA1015-A95736A-R03-C04,False
3701,3.0,152500001,153000000,500000,56,0.392406,0.994259,0.844566270778423,1.6407829523267998,True,True,66.3062236056215,46.0,,2,2,SA1015-A95736A-R03-C04,False
3702,3.0,153000001,153500000,500000,64,0.368738,0.992775,1.02037344821837,1.9823327271885,True,True,62.722133853784285,46.0,,2,2,SA1015-A95736A-R03-C04,False
3703,3.0,153500001,154000000,500000,67,0.379188,0.991738,1.04302527770869,2.02633961800652,True,True,64.23621884522801,46.0,,2,2,SA1015-A95736A-R03-C04,False
3704,3.0,154000001,154500000,500000,44,0.364774,0.994991,0.7076676363632941,1.37482283372281,True,True,62.17608060489541,46.0,,2,2,SA1015-A95736A-R03-C04,False
3705,3.0,154500001,155000000,500000,62,0.37793,0.985329,0.968020585235144,1.88062408920417,True,True,64.0482247440424,46.0,,2,2,SA1015-A95736A-R03-C04,False
3706,3.0,155000001,155500000,500000,104,0.394384,0.983003,1.5608381420055202,3.03232168197254,True,True,66.6308678658827,46.0,,2,2,SA1015-A95736A-R03-C04,False
3707,3.0,155500001,156000000,500000,44,0.403496,0.993651,0.6453844097185,1.25382196022061,True,True,68.1764222026864,46.0,,2,2,SA1015-A95736A-R03-C04,False
3708,3.0,156000001,156500000,500000,55,0.399346,0.997782,0.815269967018053,1.58386749472523,True,True,67.4623158279325,46.0,,2,2,SA1015-A95736A-R03-C04,False
3709,3.0,156500001,157000000,500000,91,0.389634,0.995175,1.38176536956858,2.68442766535543,True,True,65.8577802021572,46.0,,2,2,SA1015-A95736A-R03-C04,False
3710,3.0,157000001,157500000,500000,49,0.386662,0.994321,0.749402400637902,1.45590313743662,True,True,65.3854323902492,46.0,,2,2,SA1015-A95736A-R03-C04,False
3711,3.0,157500001,158000000,500000,67,0.374944,0.986862,1.05332209426951,2.04634378068834,True,True,63.608273636817,46.0,,2,2,SA1015-A95736A-R03-C04,False
3712,3.0,158000001,158500000,500000,101,0.3764679999999999,0.986091,1.58228557823112,3.07398873516617,True,True,63.831713686546095,46.0,,2,2,SA1015-A95736A-R03-C04,False
3713,3.0,158500001,159000000,500000,92,0.392588,0.985034,1.38688032012472,2.6943647466300296,True,True,66.3359330037407,46.0,,2,2,SA1015-A95736A-R03-C04,False
3714,3.0,159000001,159500000,500000,72,0.387772,0.990951,1.0982168173701898,2.13356310125762,True,True,65.5608244758196,46.0,,2,2,SA1015-A95736A-R03-C04,False
3715,3.0,159500001,160000000,500000,80,0.4163739999999999,0.998807,1.13473658967042,2.20451196801482,True,True,70.5009433275045,46.0,,2,2,SA1015-A95736A-R03-C04,False
3716,3.0,160000001,160500000,500000,55,0.38256,0.997362,0.849448984515947,1.65026885501889,True,True,64.7478553774967,46.0,,2,2,SA1015-A95736A-R03-C04,False
3717,3.0,160500001,161000000,500000,67,0.382788,0.9925,1.03422423434935,2.0092413719525,True,True,64.7828563427072,46.0,,2,2,SA1015-A95736A-R03-C04,False
3718,3.0,161000001,161500000,500000,57,0.373686,0.997228,0.8986912388038678,1.74593435122121,True,True,63.4255654654711,46.0,,2,2,SA1015-A95736A-R03-C04,False
3719,3.0,161500001,162000000,500000,46,0.356528,0.997912,0.7529872662231819,1.46286764281911,True,True,61.090010500079096,46.0,,2,2,SA1015-A95736A-R03-C04,False
3720,3.0,162000001,162500000,500000,67,0.35366,0.989191,1.10327930840851,2.14339826669034,True,True,60.7280490890814,46.0,,2,2,SA1015-A95736A-R03-C04,False
3721,3.0,162500001,163000000,500000,76,0.3412719999999999,0.988247,1.28252389628063,2.49162607811636,True,True,59.2581551270921,46.0,,2,2,SA1015-A95736A-R03-C04,False
3722,3.0,163000001,163500000,500000,52,0.343334,0.990762,0.8740629779100799,1.6980877440121105,True,True,59.4922806641852,46.0,,2,2,SA1015-A95736A-R03-C04,False
3723,3.0,163500001,164000000,500000,68,0.35294,0.996394,1.1214005295919,2.17860330840439,True,True,60.6384589676863,46.0,,2,2,SA1015-A95736A-R03-C04,False
3724,3.0,164000001,164500000,500000,47,0.3462159999999999,0.989686,0.7856041882146609,1.5262342386833605,True,True,59.8265649611806,46.0,,2,2,SA1015-A95736A-R03-C04,False
3725,3.0,164500001,165000000,500000,71,0.341256,0.998652,1.1981837242776898,2.32777402623276,True,True,59.2563548989962,46.0,,2,2,SA1015-A95736A-R03-C04,False
3726,3.0,165000001,165500000,500000,67,0.351446,0.991014,1.10827706655215,2.15310767215164,True,True,60.4541968990093,46.0,,2,2,SA1015-A95736A-R03-C04,False
3727,3.0,165500001,166000000,500000,93,0.344572,0.989511,1.5594902981097,3.0297031553237903,True,True,59.634869234344,46.0,,2,2,SA1015-A95736A-R03-C04,False
3728,3.0,166000001,166500000,500000,62,0.346418,0.99623,1.0359178895921,2.0125317243447096,True,True,59.850303410063496,46.0,,2,2,SA1015-A95736A-R03-C04,False
3729,3.0,166500001,167000000,500000,67,0.36369,0.993826,1.08013183561452,2.09842846377028,True,True,62.0294650993984,46.0,,2,2,SA1015-A95736A-R03-C04,False
3730,3.0,167000001,167500000,500000,77,0.3622579999999999,0.995949,1.24519780747383,2.4191107382191204,True,True,61.83756471288071,46.0,,2,2,SA1015-A95736A-R03-C04,False
3731,3.0,167500001,168000000,500000,70,0.37175,0.995155,1.10851669497876,2.15357321079659,True,True,63.147447681283104,46.0,,2,2,SA1015-A95736A-R03-C04,False
3732,3.0,168000001,168500000,500000,44,0.360216,0.987749,0.714663572015826,1.3884142028686202,True,True,61.567430778500096,46.0,,2,2,SA1015-A95736A-R03-C04,False
3733,3.0,168500001,169000000,500000,76,0.36011,0.999657,1.2346978520109,2.39871192699514,True,True,61.553520868463295,46.0,,2,2,SA1015-A95736A-R03-C04,False
3734,3.0,169000001,169500000,500000,95,0.385414,0.989786,1.45728561825259,2.8311447921026303,True,True,65.1896915814711,46.0,,2,2,SA1015-A95736A-R03-C04,False
3735,3.0,169500001,170000000,500000,81,0.402888,0.999291,1.18993866764336,2.31175592459331,True,True,68.07073524252971,46.0,,2,2,SA1015-A95736A-R03-C04,False
3736,3.0,170000001,170500000,500000,105,0.41739,0.995271,1.48533081542607,2.88562965967196,True,True,70.6913227070432,46.0,,2,2,SA1015-A95736A-R03-C04,False
3737,3.0,170500001,171000000,500000,79,0.393428,0.991409,1.18844390340715,2.30885196813497,True,True,66.4734782798874,46.0,,2,2,SA1015-A95736A-R03-C04,False
3738,3.0,171000001,171500000,500000,89,0.394808,0.992512,1.3343135869265002,2.59224061182217,True,True,66.7009621066704,46.0,,2,2,SA1015-A95736A-R03-C04,False
3739,3.0,171500001,172000000,500000,58,0.39784,0.998996,0.8630003424942729,1.6765957850906,True,True,67.20738931848679,46.0,,2,2,SA1015-A95736A-R03-C04,False
3740,3.0,172000001,172500000,500000,42,0.403674,0.998619,0.615768668181255,1.19628591418595,True,True,68.2074327101635,46.0,,2,2,SA1015-A95736A-R03-C04,False
3741,3.0,172500001,173000000,500000,44,0.37103,0.999217,0.6979146077057409,1.35587511616819,True,True,63.0449621116851,46.0,,2,2,SA1015-A95736A-R03-C04,False
3742,3.0,173000001,173500000,500000,75,0.3564719999999999,0.997251,1.22784024701692,2.38538930003591,True,True,61.0828649591958,46.0,,2,2,SA1015-A95736A-R03-C04,False
3743,3.0,173500001,174000000,500000,64,0.3541,0.994486,1.05292509440281,2.0455725083372,True,True,60.78305127327129,46.0,,2,2,SA1015-A95736A-R03-C04,False
3744,3.0,174000001,174500000,500000,66,0.3578119999999999,0.996793,1.07746835385185,2.09325397880536,True,True,61.2546992810098,46.0,,2,2,SA1015-A95736A-R03-C04,False
3745,3.0,174500001,175000000,500000,76,0.352198,0.995516,1.25523008988549,2.43860097660954,True,True,60.54666838566111,46.0,,2,2,SA1015-A95736A-R03-C04,False
3746,3.0,175000001,175500000,500000,77,0.350076,0.992061,1.27722032923796,2.48132256175391,True,True,60.2871706919522,46.0,,2,2,SA1015-A95736A-R03-C04,False
3747,3.0,175500001,176000000,500000,58,0.356774,0.990027,0.948930575093999,1.84353693064352,True,True,61.1214366174835,46.0,,2,2,SA1015-A95736A-R03-C04,False
3748,3.0,176000001,176500000,500000,74,0.366876,0.995234,1.1846880654426002,2.30155530579224,True,True,62.4637000731102,46.0,,2,2,SA1015-A95736A-R03-C04,False
3749,3.0,176500001,177000000,500000,50,0.3992199999999999,0.994135,0.7413898551429279,1.4403367473168898,True,True,67.4409012386079,46.0,,2,2,SA1015-A95736A-R03-C04,False
3750,3.0,177000001,177500000,500000,97,0.4100439999999999,0.989923,1.3989475497243795,2.7178083830787,True,True,69.3378390198479,46.0,,2,2,SA1015-A95736A-R03-C04,False
3751,3.0,177500001,178000000,500000,58,0.36661,0.998069,0.929084261031894,1.80498046100188,True,True,62.4270611748195,46.0,,2,2,SA1015-A95736A-R03-C04,False
3752,3.0,178000001,178500000,500000,55,0.37795,0.998074,0.8586880326090022,1.66821803571828,True,True,64.0512012644339,46.0,,2,2,SA1015-A95736A-R03-C04,False
3753,3.0,178500001,179000000,500000,74,0.385134,0.983124,1.13591033331059,2.20679226101469,True,True,65.14598716989279,46.0,,2,2,SA1015-A95736A-R03-C04,False
3754,3.0,179000001,179500000,500000,83,0.409868,0.997936,1.19758635643927,2.3266134885704504,True,True,69.3060667848456,46.0,,2,2,SA1015-A95736A-R03-C04,False
3755,3.0,179500001,180000000,500000,62,0.378746,0.997403,0.966183750760476,1.87705557504897,True,True,64.1699883186819,46.0,,2,2,SA1015-A95736A-R03-C04,False
3756,3.0,180000001,180500000,500000,61,0.371218,0.990676,0.967153674036364,1.87893989559456,True,True,63.0716727212748,46.0,,2,2,SA1015-A95736A-R03-C04,False
3757,3.0,180500001,181000000,500000,72,0.380094,0.996414,1.1184886307059,2.17294621053493,True,True,64.3725810199422,46.0,,2,2,SA1015-A95736A-R03-C04,False
3758,3.0,181000001,181500000,500000,77,0.3759619999999999,0.996915,1.2077053754450802,2.34627223466706,True,True,63.75727190219979,46.0,,2,2,SA1015-A95736A-R03-C04,False
3759,3.0,181500001,182000000,500000,50,0.3936139999999999,0.999652,0.7518341459645671,1.46062741593842,True,True,66.5040292042767,46.0,,2,2,SA1015-A95736A-R03-C04,False
3760,3.0,182000001,182500000,500000,54,0.384878,0.994289,0.829415410735613,1.61134858615395,True,True,65.10609677737621,46.0,,2,2,SA1015-A95736A-R03-C04,False
3761,3.0,182500001,183000000,500000,70,0.40635,0.99149,1.01925791216039,1.9801655170950296,True,True,68.67741634855699,46.0,,2,2,SA1015-A95736A-R03-C04,False
3762,3.0,183000001,183500000,500000,74,0.4282760000000001,0.995483,1.01654922174708,1.97490320292613,True,True,72.7952945287006,46.0,,2,2,SA1015-A95736A-R03-C04,False
3763,3.0,183500001,184000000,500000,68,0.46806,0.999362,0.834536125086482,1.62129686505324,True,True,81.4823923805015,46.0,,2,2,SA1015-A95736A-R03-C04,False
3764,3.0,184000001,184500000,500000,114,0.4970600000000001,0.999466,1.28375203826529,2.49401205361786,True,True,88.80219590852279,46.0,,2,2,SA1015-A95736A-R03-C04,False
3765,3.0,184500001,185000000,500000,84,0.401006,0.997162,1.23992721138294,2.4088712762446804,True,True,67.7459122026297,46.0,,2,2,SA1015-A95736A-R03-C04,False
3766,3.0,185000001,185500000,500000,72,0.420662,0.989607,1.00965652678738,1.96151240486,True,True,71.3113797511875,46.0,,2,2,SA1015-A95736A-R03-C04,False
3767,3.0,185500001,186000000,500000,71,0.4361939999999999,0.99882,0.954309576006561,1.8539869963201296,True,True,74.3993372644432,46.0,,2,2,SA1015-A95736A-R03-C04,False
3768,3.0,186000001,186500000,500000,68,0.429828,0.997523,0.9301713458022142,1.8070923972946105,True,True,73.10481053504641,46.0,,2,2,SA1015-A95736A-R03-C04,False
3769,3.0,186500001,187000000,500000,70,0.4361239999999999,0.993001,0.941051402978346,1.82822965194543,True,True,74.38488458596,46.0,,2,2,SA1015-A95736A-R03-C04,False
3770,3.0,187000001,187500000,500000,72,0.4099600000000001,0.988351,1.03862125884256,2.01778370081295,True,True,69.3226711729709,46.0,,2,2,SA1015-A95736A-R03-C04,False
3771,3.0,187500001,188000000,500000,60,0.420022,0.990624,0.842823723666663,1.63739761515016,True,True,71.1892633242132,46.0,,2,2,SA1015-A95736A-R03-C04,False
3772,3.0,188000001,188500000,500000,56,0.384188,0.994122,0.8615530041216929,1.67378396533158,True,True,64.9989028325529,46.0,,2,2,SA1015-A95736A-R03-C04,False
3773,3.0,188500001,189000000,500000,46,0.39573,0.991759,0.6880665499139771,1.3367427805572,True,True,66.85399836069779,46.0,,2,2,SA1015-A95736A-R03-C04,False
3774,3.0,189000001,189500000,500000,49,0.372198,0.997338,0.775175703488874,1.50597427738879,True,True,63.21147551382629,46.0,,2,2,SA1015-A95736A-R03-C04,False
3775,3.0,189500001,190000000,500000,69,0.381664,0.998101,1.06793281150821,2.0747287832582804,True,True,64.6108062758679,46.0,,2,2,SA1015-A95736A-R03-C04,False
3776,3.0,190000001,190500000,500000,49,0.3700739999999999,0.997175,0.778894474809332,1.51319892842841,True,True,62.9096772216735,46.0,,2,2,SA1015-A95736A-R03-C04,False
3777,3.0,190500001,191000000,500000,80,0.3667,0.994955,1.2812412674994098,2.4891342482728,True,True,62.43944995319701,46.0,,2,2,SA1015-A95736A-R03-C04,False
3778,3.0,191000001,191500000,500000,68,0.372048,0.996274,1.07611937529783,2.09063324779694,True,True,63.190015495428,46.0,,2,2,SA1015-A95736A-R03-C04,False
3779,3.0,191500001,192000000,500000,40,0.3654199999999999,0.99162,0.6424257169637271,1.2480739534612,True,True,62.264008030454505,46.0,,2,2,SA1015-A95736A-R03-C04,False
3780,3.0,192000001,192500000,500000,61,0.37749,0.991774,0.953380602972428,1.85218223194543,True,True,63.98284149039289,46.0,,2,2,SA1015-A95736A-R03-C04,False
3781,3.0,192500001,193000000,500000,50,0.399386,0.994013,0.741079799600449,1.4397343862399998,True,True,67.46911739728621,46.0,,2,2,SA1015-A95736A-R03-C04,False
3782,3.0,193000001,193500000,500000,56,0.395636,0.99765,0.837842253277813,1.6277198527597498,True,True,66.8383574365178,46.0,,2,2,SA1015-A95736A-R03-C04,False
3783,3.0,193500001,194000000,500000,111,0.4596,0.999802,1.3961577284999298,2.7123884518506896,True,True,79.5039111514006,46.0,,2,2,SA1015-A95736A-R03-C04,False
3784,3.0,194000001,194500000,500000,305,-1.0,0.985691,,,False,False,,,,2,2,SA1015-A95736A-R03-C04,False
3785,3.0,194500001,195000000,500000,79,0.475154,0.989906,0.949564439565189,1.84476837221821,True,True,83.1960388451094,46.0,,2,2,SA1015-A95736A-R03-C04,False
3786,3.0,195000001,195500000,500000,65,0.44042,0.975196,0.863433357305605,1.67743702555345,True,True,75.2808534092734,46.0,,2,2,SA1015-A95736A-R03-C04,False
3787,3.0,195500001,196000000,500000,58,0.493872,0.984134,0.65941472204323,1.28107937988647,True,True,87.9567866187216,46.0,,2,2,SA1015-A95736A-R03-C04,False
3788,3.0,196000001,196500000,500000,44,0.445072,0.997075,0.576885189586549,1.12074495190414,True,True,76.27167553310659,46.0,,2,2,SA1015-A95736A-R03-C04,False
3789,3.0,196500001,197000000,500000,78,0.4143600000000001,0.996919,1.11227443071027,2.16087356003021,True,True,70.1265783392964,46.0,,2,2,SA1015-A95736A-R03-C04,False
3790,3.0,197000001,197500000,500000,142,0.465616,0.987584,1.75517632349496,3.40987260509922,True,True,80.9035525942176,46.0,,2,2,SA1015-A95736A-R03-C04,False
3791,3.0,197500001,198000000,500000,83,-1.0,0.8397209999999999,,,False,False,,,,2,2,SA1015-A95736A-R03-C04,True
3792,3.0,198000001,198500000,500000,0,-1.0,0.0,,,False,False,,,,2,2,SA1015-A95736A-R03-C04,True
