,chr,start,end,width,reads,gc,map,cor_gc,copy,valid,ideal,modal_curve,modal_quantile,cor_map,multiplier,state,cell_id,is_low_mappability
5200,8.0,1,500000,500000,58,-1.0,0.8388260000000001,,,False,False,,,,2,2,SA1015-A95736A-R03-C04,True
5201,8.0,500001,1000000,500000,59,0.48372,0.982734,0.6914197157726609,1.34325715079386,True,True,85.331671420546,46.0,,2,2,SA1015-A95736A-R03-C04,False
5202,8.0,1000001,1500000,500000,91,0.482222,0.978849,1.07118108810816,2.0810393796602904,True,True,84.9529561436878,46.0,,2,2,SA1015-A95736A-R03-C04,False
5203,8.0,1500001,2000000,500000,106,0.481876,0.988427,1.24903084683758,2.42655738374743,True,True,84.8657983654935,46.0,,2,2,SA1015-A95736A-R03-C04,False
5204,8.0,2000001,2500000,500000,55,0.434762,0.992477,0.7421937185073559,1.4418984546097202,True,True,74.10464226322449,46.0,,2,2,SA1015-A95736A-R03-C04,False
5205,8.0,2500001,3000000,500000,76,0.392806,0.997661,1.14506872423292,2.22458474482092,True,True,66.3715621531033,46.0,,2,2,SA1015-A95736A-R03-C04,False
5206,8.0,3000001,3500000,500000,66,0.391906,0.997302,0.9966059047704542,1.93615828066214,True,True,66.22477318675101,46.0,,2,2,SA1015-A95736A-R03-C04,False
5207,8.0,3500001,4000000,500000,124,0.385054,0.998495,1.90378180945697,3.69857623490908,True,True,65.1335144521469,46.0,,2,2,SA1015-A95736A-R03-C04,False
5208,8.0,4000001,4500000,500000,95,0.379416,0.999101,1.4781285527672,2.87163744828758,True,True,64.2704586296982,46.0,,2,2,SA1015-A95736A-R03-C04,False
5209,8.0,4500001,5000000,500000,83,0.377314,0.996171,1.2977521616645902,2.5212108236834303,True,True,63.956741858582895,46.0,,2,2,SA1015-A95736A-R03-C04,False
5210,8.0,5000001,5500000,500000,93,0.378724,0.997056,1.44934996804441,2.81572779046791,True,True,64.1666968299478,46.0,,2,2,SA1015-A95736A-R03-C04,False
5211,8.0,5500001,6000000,500000,64,0.385728,0.997916,0.981011370862094,1.90586196612576,True,True,65.2387952891494,46.0,,2,2,SA1015-A95736A-R03-C04,False
5212,8.0,6000001,6500000,500000,72,0.425046,0.998398,0.9977995676410342,1.93847727179006,True,True,72.1587805156301,46.0,,2,2,SA1015-A95736A-R03-C04,False
5213,8.0,6500001,7000000,500000,64,0.447466,0.952877,0.833442721505463,1.6191726528773305,True,True,76.78992010920159,46.0,,2,2,SA1015-A95736A-R03-C04,False
5214,8.0,7000001,7500000,500000,4,-1.0,0.7554890000000001,,,False,False,,,,2,2,SA1015-A95736A-R03-C04,True
5215,8.0,7500001,8000000,500000,2,-1.0,0.743445,,,False,False,,,,2,2,SA1015-A95736A-R03-C04,True
5216,8.0,8000001,8500000,500000,52,0.432144,0.990452,0.7067990229142029,1.37313533306271,True,True,73.57112604032591,46.0,,2,2,SA1015-A95736A-R03-C04,False
5217,8.0,8500001,9000000,500000,49,0.428854,0.999439,0.672058803665352,1.30564369685153,True,True,72.9102866189061,46.0,,2,2,SA1015-A95736A-R03-C04,False
5218,8.0,9000001,9500000,500000,56,0.420634,0.997748,0.785347340763482,1.52573524774112,True,True,71.3060286745978,46.0,,2,2,SA1015-A95736A-R03-C04,False
5219,8.0,9500001,10000000,500000,71,0.4146859999999999,0.991705,1.01158473622243,1.96525843791744,True,True,70.1869032396991,46.0,,2,2,SA1015-A95736A-R03-C04,False
5220,8.0,10000001,10500000,500000,102,0.452454,0.99888,1.30957385614111,2.54417744623967,True,True,77.8879324153283,46.0,,2,2,SA1015-A95736A-R03-C04,False
5221,8.0,10500001,11000000,500000,103,0.467816,0.993411,1.26497805550589,2.4575388579377697,True,True,81.4243374038678,46.0,,2,2,SA1015-A95736A-R03-C04,False
5222,8.0,11000001,11500000,500000,53,0.451126,0.998177,0.6830496103579711,1.32699611036545,True,True,77.5931926411961,46.0,,2,2,SA1015-A95736A-R03-C04,False
5223,8.0,11500001,12000000,500000,70,0.452816,0.940845,0.897797566103386,1.74419816664618,True,True,77.9685784890389,46.0,,2,2,SA1015-A95736A-R03-C04,False
5224,8.0,12000001,12500000,500000,4,-1.0,0.710128,,,False,False,,,,2,2,SA1015-A95736A-R03-C04,True
5225,8.0,12500001,13000000,500000,112,0.4221899999999999,0.996284,1.5641459183008302,3.03874787153662,True,True,71.6045726230377,46.0,,2,2,SA1015-A95736A-R03-C04,False
5226,8.0,13000001,13500000,500000,76,0.3786719999999999,0.997584,1.18455861413231,2.3013038139787003,True,True,64.1589188523778,46.0,,2,2,SA1015-A95736A-R03-C04,False
5227,8.0,13500001,14000000,500000,45,0.36025,0.997744,0.7308529344948491,1.41986612189936,True,True,61.571894804121,46.0,,2,2,SA1015-A95736A-R03-C04,False
5228,8.0,14000001,14500000,500000,67,0.34891,0.995934,1.11394716248058,2.16412326330099,True,True,60.146479345395406,46.0,,2,2,SA1015-A95736A-R03-C04,False
5229,8.0,14500001,15000000,500000,56,0.356686,0.994851,0.916377480590578,1.78029433576998,True,True,61.1101878713886,46.0,,2,2,SA1015-A95736A-R03-C04,False
5230,8.0,15000001,15500000,500000,78,0.3754099999999999,0.98706,1.2249445485838302,2.37976367563143,True,True,63.676351790925295,46.0,,2,2,SA1015-A95736A-R03-C04,False
5231,8.0,15500001,16000000,500000,89,0.36951,0.997927,1.41651425071216,2.75193612948136,True,True,62.8302891801159,46.0,,2,2,SA1015-A95736A-R03-C04,False
5232,8.0,16000001,16500000,500000,112,0.3521,0.997749,1.85018198147004,3.59444505296223,True,True,60.5345858524747,46.0,,2,2,SA1015-A95736A-R03-C04,False
5233,8.0,16500001,17000000,500000,72,0.373734,0.989597,1.13506468791823,2.20514938159659,True,True,63.43250809084,46.0,,2,2,SA1015-A95736A-R03-C04,False
5234,8.0,17000001,17500000,500000,52,0.400856,0.999579,0.767865718679793,1.4917727885637,True,True,67.7201738989008,46.0,,2,2,SA1015-A95736A-R03-C04,False
5235,8.0,17500001,18000000,500000,70,0.393144,0.998695,1.05379000778195,2.04725282067839,True,True,66.4268967090872,46.0,,2,2,SA1015-A95736A-R03-C04,False
5236,8.0,18000001,18500000,500000,64,0.392888,0.9951,0.9640735560900558,1.87295598978122,True,True,66.38497612107679,46.0,,2,2,SA1015-A95736A-R03-C04,False
5237,8.0,18500001,19000000,500000,76,0.402386,0.997496,1.11791421052125,2.1718302544767,True,True,67.983749812576,46.0,,2,2,SA1015-A95736A-R03-C04,False
5238,8.0,19000001,19500000,500000,75,0.417556,0.997697,1.06048249636185,2.0602546673664097,True,True,70.72252513105991,46.0,,2,2,SA1015-A95736A-R03-C04,False
5239,8.0,19500001,20000000,500000,82,0.410846,0.997722,1.18014465451259,2.29272858436454,True,True,69.4830076011884,46.0,,2,2,SA1015-A95736A-R03-C04,False
5240,8.0,20000001,20500000,500000,85,0.445316,0.999936,1.11366984273293,2.16358449976042,True,True,76.3242360872511,46.0,,2,2,SA1015-A95736A-R03-C04,False
5241,8.0,20500001,21000000,500000,82,0.4303300000000001,0.996416,1.12013541012886,2.17614549482666,True,True,73.2054350380432,46.0,,2,2,SA1015-A95736A-R03-C04,False
5242,8.0,21000001,21500000,500000,98,0.436536,0.99885,1.31596583087139,2.55659546899526,True,True,74.4700186745031,46.0,,2,2,SA1015-A95736A-R03-C04,False
5243,8.0,21500001,22000000,500000,87,0.49604,0.982749,0.9827109220190772,1.90916377281811,True,True,88.5306126660828,46.0,,2,2,SA1015-A95736A-R03-C04,False
5244,8.0,22000001,22500000,500000,407,0.4793199999999999,0.999573,4.83225938888717,9.38788239696034,True,False,84.2256110952952,46.0,,2,2,SA1015-A95736A-R03-C04,False
5245,8.0,22500001,23000000,500000,116,0.479814,0.999877,1.3752412609696298,2.6717529392402004,True,True,84.34883630397509,46.0,,2,2,SA1015-A95736A-R03-C04,False
5246,8.0,23000001,23500000,500000,85,0.4573279999999999,0.997008,1.0761585392903,2.09070933372817,True,True,78.98464482385191,46.0,,2,2,SA1015-A95736A-R03-C04,False
5247,8.0,23500001,24000000,500000,60,0.403252,0.994991,0.880618066735169,1.7108226570288,True,True,68.13396438985839,46.0,,2,2,SA1015-A95736A-R03-C04,False
5248,8.0,24000001,24500000,500000,68,0.369906,0.992013,1.08132181208951,2.10074029314518,True,True,62.8859967862842,46.0,,2,2,SA1015-A95736A-R03-C04,False
5249,8.0,24500001,25000000,500000,84,0.398326,0.996417,1.24833905812171,2.4252134097208904,True,True,67.2894110406102,46.0,,2,2,SA1015-A95736A-R03-C04,False
5250,8.0,25000001,25500000,500000,47,0.414696,0.99748,0.669622929753928,1.30091139753274,True,True,70.18875536008221,46.0,,2,2,SA1015-A95736A-R03-C04,False
5251,8.0,25500001,26000000,500000,68,0.416458,0.992119,0.9643113393443532,1.873417943713669,True,True,70.5166445996933,46.0,,2,2,SA1015-A95736A-R03-C04,False
5252,8.0,26000001,26500000,500000,72,0.4295739999999999,0.992753,0.9855724242916468,1.9147229625576496,True,True,73.0539920003829,46.0,,2,2,SA1015-A95736A-R03-C04,False
5253,8.0,26500001,27000000,500000,70,0.402984,0.987765,1.02809039149213,1.99732483545253,True,True,68.0873983253603,46.0,,2,2,SA1015-A95736A-R03-C04,False
5254,8.0,27000001,27500000,500000,129,0.457054,0.996352,1.63451761892218,3.1754626453806205,True,True,78.9223673740907,46.0,,2,2,SA1015-A95736A-R03-C04,False
5255,8.0,27500001,28000000,500000,71,0.438594,0.998779,0.9479585163021408,1.841648461319649,True,True,74.8977922335267,46.0,,2,2,SA1015-A95736A-R03-C04,False
5256,8.0,28000001,28500000,500000,66,0.43157,0.999249,0.8985085709178839,1.7455794727899598,True,True,73.4550589011931,46.0,,2,2,SA1015-A95736A-R03-C04,False
5257,8.0,28500001,29000000,500000,74,0.41192,0.990717,1.06202197084139,2.06324548474684,True,True,69.6784078218018,46.0,,2,2,SA1015-A95736A-R03-C04,False
5258,8.0,29000001,29500000,500000,72,0.429676,0.996286,0.9852972875665093,1.9141884400888003,True,True,73.07439176842341,46.0,,2,2,SA1015-A95736A-R03-C04,False
5259,8.0,29500001,30000000,500000,260,0.4216399999999999,0.998355,3.63642607809302,7.06467464161496,True,True,71.49877226057801,46.0,,2,2,SA1015-A95736A-R03-C04,False
5260,8.0,30000001,30500000,500000,57,0.425346,0.997678,0.78928276601278,1.5333808036703798,True,True,72.2174643289716,46.0,,2,2,SA1015-A95736A-R03-C04,False
5261,8.0,30500001,31000000,500000,48,0.398426,0.998274,0.713157429750125,1.38548814171883,True,True,67.3063169471826,46.0,,2,2,SA1015-A95736A-R03-C04,False
5262,8.0,31000001,31500000,500000,45,0.386398,0.994683,0.688664160068184,1.33790378897902,True,True,65.34389708264271,46.0,,2,2,SA1015-A95736A-R03-C04,False
5263,8.0,31500001,32000000,500000,58,0.37389,0.993345,0.914032308476208,1.77573824756392,True,True,63.4550873772639,46.0,,2,2,SA1015-A95736A-R03-C04,False
5264,8.0,32000001,32500000,500000,74,0.385322,0.998385,1.13539905282566,2.2057989697449,True,True,65.1753229984089,46.0,,2,2,SA1015-A95736A-R03-C04,False
5265,8.0,32500001,33000000,500000,114,0.379204,0.993245,1.7746333914800598,3.44767286608145,True,True,64.23861995796389,46.0,,2,2,SA1015-A95736A-R03-C04,False
5266,8.0,33000001,33500000,500000,164,0.4202,0.99714,2.30262093911354,4.4734218181434295,True,True,71.22318624581621,46.0,,2,2,SA1015-A95736A-R03-C04,False
5267,8.0,33500001,34000000,500000,56,0.402308,0.993339,0.8238897842638941,1.60061366335462,True,True,67.9702565435173,46.0,,2,2,SA1015-A95736A-R03-C04,False
5268,8.0,34000001,34500000,500000,66,0.3730219999999999,0.995699,1.04216406560399,2.02466649632428,True,True,63.32975985095921,46.0,,2,2,SA1015-A95736A-R03-C04,False
5269,8.0,34500001,35000000,500000,66,0.37163,0.998935,1.04545626229071,2.03106241857003,True,True,63.1303311105397,46.0,,2,2,SA1015-A95736A-R03-C04,False
5270,8.0,35000001,35500000,500000,108,0.380838,0.98396,1.6748037249009902,3.25372856505174,True,True,64.4851682583787,46.0,,2,2,SA1015-A95736A-R03-C04,False
5271,8.0,35500001,36000000,500000,92,0.388534,0.999109,1.40068955201207,2.7211926617972004,True,True,65.681934921156,46.0,,2,2,SA1015-A95736A-R03-C04,False
5272,8.0,36000001,36500000,500000,81,0.385208,0.984439,1.2431410445805902,2.41511495765227,True,True,65.1575300752198,46.0,,2,2,SA1015-A95736A-R03-C04,False
5273,8.0,36500001,37000000,500000,64,0.387522,0.998433,0.9767828585903908,1.89764701474874,True,True,65.5212153214475,46.0,,2,2,SA1015-A95736A-R03-C04,False
5274,8.0,37000001,37500000,500000,94,0.4428760000000001,0.995473,1.2400845501110702,2.40917694639964,True,True,75.80128305895,46.0,,2,2,SA1015-A95736A-R03-C04,False
5275,8.0,37500001,38000000,500000,214,0.474346,0.998793,2.57836476489408,5.00912373308383,True,True,82.9983417838055,46.0,,2,2,SA1015-A95736A-R03-C04,False
5276,8.0,38000001,38500000,500000,70,0.4431520000000001,0.999521,0.922750722431255,1.79267596516373,True,True,75.86014109592321,46.0,,2,2,SA1015-A95736A-R03-C04,False
5277,8.0,38500001,39000000,500000,72,0.424232,0.998925,0.999999990778048,1.94275214860676,True,True,72.0000006639805,46.0,,2,2,SA1015-A95736A-R03-C04,False
5278,8.0,39000001,39500000,500000,53,0.360026,0.998336,0.861193402712686,1.6730853489151498,True,True,61.542505821636,46.0,,2,2,SA1015-A95736A-R03-C04,False
5279,8.0,39500001,40000000,500000,416,0.380746,0.998075,6.45249186647482,12.535592553064197,True,False,64.47121648636379,46.0,,2,2,SA1015-A95736A-R03-C04,False
5280,8.0,40000001,40500000,500000,155,0.397842,0.989884,2.30628245225806,4.480535230737679,True,True,67.20772637724461,46.0,,2,2,SA1015-A95736A-R03-C04,False
5281,8.0,40500001,41000000,500000,71,0.4224,0.994267,0.990996612475364,1.92526081590319,True,True,71.6450481325586,46.0,,2,2,SA1015-A95736A-R03-C04,False
5282,8.0,41000001,41500000,500000,186,0.447302,0.997099,2.4233189910855497,4.70790822010712,True,True,76.7542369305162,46.0,,2,2,SA1015-A95736A-R03-C04,False
5283,8.0,41500001,42000000,500000,100,0.456842,0.998538,1.26784117341177,2.4631011864524304,True,True,78.87423290639741,46.0,,2,2,SA1015-A95736A-R03-C04,False
5284,8.0,42000001,42500000,500000,86,0.4489479999999999,0.998995,1.11523804267875,2.1666311236027,True,True,77.1135817725804,46.0,,2,2,SA1015-A95736A-R03-C04,False
5285,8.0,42500001,43000000,500000,55,0.43225,0.996725,0.7473577940705921,1.4519309735982902,True,True,73.592595723709,46.0,,2,2,SA1015-A95736A-R03-C04,False
5286,8.0,43000001,43500000,500000,43,0.405188,0.984543,0.6279896656205041,1.2200282834381202,True,True,68.4724643637449,46.0,,2,2,SA1015-A95736A-R03-C04,False
5287,8.0,43500001,44000000,500000,7,-1.0,0.645366,,,False,False,,,,2,2,SA1015-A95736A-R03-C04,True
5288,8.0,44000001,44500000,500000,0,-1.0,0.0,,,False,False,,,,2,2,SA1015-A95736A-R03-C04,True
5289,8.0,44500001,45000000,500000,0,-1.0,0.0,,,False,False,,,,2,2,SA1015-A95736A-R03-C04,True
5290,8.0,45000001,45500000,500000,0,-1.0,0.0,,,False,False,,,,2,2,SA1015-A95736A-R03-C04,True
5291,8.0,45500001,46000000,500000,0,-1.0,0.0,,,False,False,,,,2,2,SA1015-A95736A-R03-C04,True
5292,8.0,46000001,46500000,500000,0,-1.0,0.0,,,False,False,,,,2,2,SA1015-A95736A-R03-C04,True
5293,8.0,46500001,47000000,500000,0,-1.0,0.299286,,,False,False,,,,2,2,SA1015-A95736A-R03-C04,True
5294,8.0,47000001,47500000,500000,8,0.473122,0.999308,0.0967350805940303,0.187932287402803,True,True,82.7000913306077,46.0,,2,2,SA1015-A95736A-R03-C04,False
5295,8.0,47500001,48000000,500000,35,0.408816,0.988862,0.506389221432758,0.9837887570422472,True,True,69.11679498424621,46.0,,2,2,SA1015-A95736A-R03-C04,False
5296,8.0,48000001,48500000,500000,30,-1.0,0.971317,,,False,False,,,,2,2,SA1015-A95736A-R03-C04,False
5297,8.0,48500001,49000000,500000,60,0.4274560000000001,0.997758,0.826073928180895,1.60485691368137,True,True,72.6327244489201,46.0,,2,2,SA1015-A95736A-R03-C04,False
5298,8.0,49000001,49500000,500000,72,0.43528,0.997564,0.970206462621492,1.88487070723225,True,True,74.2110084542793,46.0,,2,2,SA1015-A95736A-R03-C04,False
5299,8.0,49500001,50000000,500000,62,0.4150279999999999,0.992787,0.882558483960662,1.71459240679759,True,True,70.2503019649896,46.0,,2,2,SA1015-A95736A-R03-C04,False
5300,8.0,50000001,50500000,500000,53,0.368052,0.998402,0.8462868169639559,1.64412554715635,True,True,62.6265220461981,46.0,,2,2,SA1015-A95736A-R03-C04,False
5301,8.0,50500001,51000000,500000,64,0.365406,0.997839,1.0279126780256,1.9969795822304,True,True,62.2620981024678,46.0,,2,2,SA1015-A95736A-R03-C04,False
5302,8.0,51000001,51500000,500000,68,0.3608119999999999,0.992617,1.1030750948713,2.14300153039847,True,True,61.6458483344999,46.0,,2,2,SA1015-A95736A-R03-C04,False
5303,8.0,51500001,52000000,500000,52,0.351556,0.996369,0.859963418737218,1.67069579488202,True,True,60.46768835395061,46.0,,2,2,SA1015-A95736A-R03-C04,False
5304,8.0,52000001,52500000,500000,68,0.3790679999999999,0.996063,1.058889541084,2.05715995004921,True,True,64.21821857866979,46.0,,2,2,SA1015-A95736A-R03-C04,False
5305,8.0,52500001,53000000,500000,49,0.38919,0.995291,0.744831872329019,1.44702373366238,True,True,65.7866584666707,46.0,,2,2,SA1015-A95736A-R03-C04,False
5306,8.0,53000001,53500000,500000,68,0.400334,0.998906,1.00545937452548,1.95335837820996,True,True,67.63077825207229,46.0,,2,2,SA1015-A95736A-R03-C04,False
5307,8.0,53500001,54000000,500000,83,0.395728,0.998388,1.24151756525416,2.41196093967354,True,True,66.8536654839906,46.0,,2,2,SA1015-A95736A-R03-C04,False
5308,8.0,54000001,54500000,500000,62,0.397654,0.997117,0.922947845531473,1.79305892649375,True,True,67.1760601643723,46.0,,2,2,SA1015-A95736A-R03-C04,False
5309,8.0,54500001,55000000,500000,55,0.40929,0.989205,0.7947754109652191,1.5440516515516698,True,True,69.2019396186464,46.0,,2,2,SA1015-A95736A-R03-C04,False
5310,8.0,55000001,55500000,500000,45,0.421056,0.99718,0.6303689985193929,1.22465073758231,True,True,71.38675935157941,46.0,,2,2,SA1015-A95736A-R03-C04,False
5311,8.0,55500001,56000000,500000,153,0.38258,0.995876,2.36290065909376,4.5905303747323885,True,True,64.75092357825979,46.0,,2,2,SA1015-A95736A-R03-C04,False
5312,8.0,56000001,56500000,500000,87,0.402296,0.996208,1.28001071201274,2.48674358393505,True,True,67.968181190607,46.0,,2,2,SA1015-A95736A-R03-C04,False
5313,8.0,56500001,57000000,500000,38,0.418788,0.997849,0.535551060697825,1.04044298345424,True,True,70.9549523634327,46.0,,2,2,SA1015-A95736A-R03-C04,False
5314,8.0,57000001,57500000,500000,53,0.401712,0.992827,0.780935128130979,1.51716341209016,True,True,67.8673529859587,46.0,,2,2,SA1015-A95736A-R03-C04,False
5315,8.0,57500001,58000000,500000,74,0.386206,0.994621,1.13299296615299,2.20112453964873,True,True,65.3137329274538,46.0,,2,2,SA1015-A95736A-R03-C04,False
5316,8.0,58000001,58500000,500000,73,0.402156,0.990072,1.07441455121826,2.0873211971228303,True,True,67.94397927431851,46.0,,2,2,SA1015-A95736A-R03-C04,False
5317,8.0,58500001,59000000,500000,74,0.384252,0.998444,1.13830698043109,2.21144835240044,True,True,65.0088256262608,46.0,,2,2,SA1015-A95736A-R03-C04,False
5318,8.0,59000001,59500000,500000,137,0.388792,0.994623,2.08450393022069,4.04967452656138,True,True,65.7230710932244,46.0,,2,2,SA1015-A95736A-R03-C04,False
5319,8.0,59500001,60000000,500000,49,0.38244,0.989,0.756996955813234,1.47065747595727,True,True,64.72945448949629,46.0,,2,2,SA1015-A95736A-R03-C04,False
5320,8.0,60000001,60500000,500000,83,0.368192,0.992264,1.32490508913226,2.57396223234868,True,True,62.6459968195614,46.0,,2,2,SA1015-A95736A-R03-C04,False
5321,8.0,60500001,61000000,500000,68,0.36136,0.99337,1.10178088624827,2.14048720379216,True,True,61.7182607256421,46.0,,2,2,SA1015-A95736A-R03-C04,False
5322,8.0,61000001,61500000,500000,93,0.4006699999999999,0.995777,1.37394519653069,2.6692350072435,True,True,67.688289339947,46.0,,2,2,SA1015-A95736A-R03-C04,False
5323,8.0,61500001,62000000,500000,96,0.416182,0.996765,1.3623769209059,2.6467607147105,True,True,70.4650809382219,46.0,,2,2,SA1015-A95736A-R03-C04,False
5324,8.0,62000001,62500000,500000,99,0.397386,0.990171,1.47472896701004,2.8650328956925697,True,True,67.1309794644634,46.0,,2,2,SA1015-A95736A-R03-C04,False
5325,8.0,62500001,63000000,500000,48,0.376094,0.992431,0.7526263477425219,1.4621664676588702,True,True,63.7766670592578,46.0,,2,2,SA1015-A95736A-R03-C04,False
5326,8.0,63000001,63500000,500000,38,0.37155,0.997379,0.602038108278328,1.16961083918697,True,True,63.1189279839279,46.0,,2,2,SA1015-A95736A-R03-C04,False
5327,8.0,63500001,64000000,500000,162,0.380078,0.997386,2.51669384356766,4.88931241706548,True,True,64.3701658086265,46.0,,2,2,SA1015-A95736A-R03-C04,False
5328,8.0,64000001,64500000,500000,64,0.392428,0.99428,0.9651663456624572,1.87507900909056,True,True,66.3098131090269,46.0,,2,2,SA1015-A95736A-R03-C04,False
5329,8.0,64500001,65000000,500000,102,0.358184,0.989514,1.6638740278365505,3.23249487240035,True,True,61.302717810089,46.0,,2,2,SA1015-A95736A-R03-C04,False
5330,8.0,65000001,65500000,500000,89,0.37412,0.99409,1.40183041533609,2.72340907649163,True,True,63.48842129999189,46.0,,2,2,SA1015-A95736A-R03-C04,False
5331,8.0,65500001,66000000,500000,237,0.373542,0.996062,3.73789022478868,7.26179433243232,True,True,63.40475127607549,46.0,,2,2,SA1015-A95736A-R03-C04,False
5332,8.0,66000001,66500000,500000,67,0.391588,0.991883,1.01249602203442,1.9670288404030096,True,True,66.1730994906785,46.0,,2,2,SA1015-A95736A-R03-C04,False
5333,8.0,66500001,67000000,500000,56,0.402426,0.995372,0.823642398855814,1.60013305481711,True,True,67.9906717742967,46.0,,2,2,SA1015-A95736A-R03-C04,False
5334,8.0,67000001,67500000,500000,92,0.41305,0.997229,1.31644412972602,2.55752468513136,True,True,69.8852294013776,46.0,,2,2,SA1015-A95736A-R03-C04,False
5335,8.0,67500001,68000000,500000,66,0.402512,0.99419,0.9705088911086728,1.88545825083094,True,True,68.005559356189,46.0,,2,2,SA1015-A95736A-R03-C04,False
5336,8.0,68000001,68500000,500000,60,0.391324,0.997461,0.907300000147628,1.76265904097287,True,True,66.1302766342305,46.0,,2,2,SA1015-A95736A-R03-C04,False
5337,8.0,68500001,69000000,500000,96,0.391052,0.992724,1.4526475861556598,2.82213424519791,True,True,66.0862282875216,46.0,,2,2,SA1015-A95736A-R03-C04,False
5338,8.0,69000001,69500000,500000,96,0.370158,0.986614,1.52570993070475,2.9640762733618904,True,True,62.9215279182565,46.0,,2,2,SA1015-A95736A-R03-C04,False
5339,8.0,69500001,70000000,500000,84,0.3678099999999999,0.990241,1.34200515180622,2.60718341615618,True,True,62.5929042723448,46.0,,2,2,SA1015-A95736A-R03-C04,False
5340,8.0,70000001,70500000,500000,55,0.386966,0.991283,0.840550010382989,1.6329803537422498,True,True,65.4333464048614,46.0,,2,2,SA1015-A95736A-R03-C04,False
5341,8.0,70500001,71000000,500000,86,0.421416,0.99496,1.2035417408946398,2.3381833246236003,True,True,71.4557684854974,46.0,,2,2,SA1015-A95736A-R03-C04,False
5342,8.0,71000001,71500000,500000,90,0.392344,0.998463,1.3575457078619702,2.6373748651024704,True,True,66.2961103105273,46.0,,2,2,SA1015-A95736A-R03-C04,False
5343,8.0,71500001,72000000,500000,62,0.381926,0.989997,0.958998206877147,1.8630958441019896,True,True,64.6507986723927,46.0,,2,2,SA1015-A95736A-R03-C04,False
5344,8.0,72000001,72500000,500000,72,0.3784679999999999,0.992912,1.12274694334706,2.18121905664427,True,True,64.1284311007414,46.0,,2,2,SA1015-A95736A-R03-C04,False
5345,8.0,72500001,73000000,500000,103,0.38234,0.994087,1.59161527660013,3.09211402688557,True,True,64.7141313069196,46.0,,2,2,SA1015-A95736A-R03-C04,False
5346,8.0,73000001,73500000,500000,63,0.382844,0.988986,0.97235035422987,1.88903575729922,True,True,64.79146094403171,46.0,,2,2,SA1015-A95736A-R03-C04,False
5347,8.0,73500001,74000000,500000,94,0.393558,0.986388,1.41364379114539,2.7463595379391004,True,True,66.49482747265321,46.0,,2,2,SA1015-A95736A-R03-C04,False
5348,8.0,74000001,74500000,500000,170,0.4113,0.996985,2.44374121021796,4.747583530571808,True,True,69.5654676072829,46.0,,2,2,SA1015-A95736A-R03-C04,False
5349,8.0,74500001,75000000,500000,56,0.400756,0.998057,0.8271417416019592,1.60693141051859,True,True,67.7030274056083,46.0,,2,2,SA1015-A95736A-R03-C04,False
5350,8.0,75000001,75500000,500000,74,0.392568,0.994523,1.11558910200113,2.16731314486183,True,True,66.3326666308052,46.0,,2,2,SA1015-A95736A-R03-C04,False
5351,8.0,75500001,76000000,500000,70,0.367268,0.984256,1.11968072212473,2.17526214872155,True,True,62.517821926206295,46.0,,2,2,SA1015-A95736A-R03-C04,False
5352,8.0,76000001,76500000,500000,50,0.359904,0.982716,0.8126576933381121,1.57879249437398,True,True,61.5265202186392,46.0,,2,2,SA1015-A95736A-R03-C04,False
5353,8.0,76500001,77000000,500000,53,0.349568,0.990026,0.880022846355463,1.70966629134657,True,True,60.2257091614096,46.0,,2,2,SA1015-A95736A-R03-C04,False
5354,8.0,77000001,77500000,500000,78,0.348062,0.992214,1.29902564802734,2.52368489207369,True,True,60.0450038214786,46.0,,2,2,SA1015-A95736A-R03-C04,False
5355,8.0,77500001,78000000,500000,64,0.365668,0.997496,1.02732239010013,1.99583279908434,True,True,62.297873205860704,46.0,,2,2,SA1015-A95736A-R03-C04,False
5356,8.0,78000001,78500000,500000,43,0.340862,0.992491,0.7262028692386079,1.4108321975483302,True,True,59.21210424999229,46.0,,2,2,SA1015-A95736A-R03-C04,False
5357,8.0,78500001,79000000,500000,40,0.346778,0.994845,0.667860916501836,1.2974882424698002,True,True,59.892709711948,46.0,,2,2,SA1015-A95736A-R03-C04,False
5358,8.0,79000001,79500000,500000,56,0.352618,0.995583,0.924114393244806,1.7953252395911798,True,True,60.5985583704301,46.0,,2,2,SA1015-A95736A-R03-C04,False
5359,8.0,79500001,80000000,500000,61,0.356514,0.997428,0.9985557965470973,1.9399464371357,True,True,61.088223823778,46.0,,2,2,SA1015-A95736A-R03-C04,False
5360,8.0,80000001,80500000,500000,96,0.369752,0.991998,1.52709849964028,2.96677391866975,True,True,62.86431426827661,46.0,,2,2,SA1015-A95736A-R03-C04,False
5361,8.0,80500001,81000000,500000,62,0.3992159999999999,0.994748,0.9193326840681,1.78603556372845,True,True,67.44022166779321,46.0,,2,2,SA1015-A95736A-R03-C04,False
5362,8.0,81000001,81500000,500000,47,0.417634,0.995607,0.664431200309942,1.29082515390744,True,True,70.7371959325142,46.0,,2,2,SA1015-A95736A-R03-C04,False
5363,8.0,81500001,82000000,500000,80,0.408482,0.995878,1.1584644366506598,2.2506092941425897,True,True,69.0569321500239,46.0,,2,2,SA1015-A95736A-R03-C04,False
5364,8.0,82000001,82500000,500000,73,0.381936,0.991509,1.12911636769494,2.19359326959562,True,True,64.6523264462345,46.0,,2,2,SA1015-A95736A-R03-C04,False
5365,8.0,82500001,83000000,500000,102,0.37424,0.995139,1.6061516565006202,3.12035461043064,True,True,63.50583370329501,46.0,,2,2,SA1015-A95736A-R03-C04,False
5366,8.0,83000001,83500000,500000,61,0.348894,0.992695,1.01422309688069,1.97038411880235,True,True,60.14455812297072,46.0,,2,2,SA1015-A95736A-R03-C04,False
5367,8.0,83500001,84000000,500000,84,0.34038,0.999075,1.41992199722964,2.75855653641115,True,True,59.15817922666861,46.0,,2,2,SA1015-A95736A-R03-C04,False
5368,8.0,84000001,84500000,500000,68,0.35091,0.990021,1.12603982088758,2.18761630162022,True,True,60.3886281272007,46.0,,2,2,SA1015-A95736A-R03-C04,False
5369,8.0,84500001,85000000,500000,80,0.354926,0.994427,1.31391319183747,2.55260770006503,True,True,60.886823038988105,46.0,,2,2,SA1015-A95736A-R03-C04,False
5370,8.0,85000001,85500000,500000,66,0.348622,0.988021,1.09795165917473,2.13304796459893,True,True,60.1119361207656,46.0,,2,2,SA1015-A95736A-R03-C04,False
5371,8.0,85500001,86000000,500000,79,0.36357,0.985937,1.27392014615454,2.4749111239186696,True,True,62.0133061232055,46.0,,2,2,SA1015-A95736A-R03-C04,False
5372,8.0,86000001,86500000,500000,52,0.384336,0.999037,0.799731100293958,1.5536793277316898,True,True,65.0218554472701,46.0,,2,2,SA1015-A95736A-R03-C04,False
5373,8.0,86500001,87000000,500000,23,-1.0,0.4994659999999999,,,False,False,,,,2,2,SA1015-A95736A-R03-C04,True
5374,8.0,87000001,87500000,500000,50,0.38349,0.999382,0.7705235220568291,1.4969362418326295,True,True,64.890945660595,46.0,,2,2,SA1015-A95736A-R03-C04,False
5375,8.0,87500001,88000000,500000,56,0.374312,0.992678,0.8816636137493171,1.7128538957557402,True,True,63.5162879886324,46.0,,2,2,SA1015-A95736A-R03-C04,False
5376,8.0,88000001,88500000,500000,72,0.355106,0.982217,1.1820811008887702,2.29649061975723,True,True,60.9095263817901,46.0,,2,2,SA1015-A95736A-R03-C04,False
5377,8.0,88500001,89000000,500000,51,0.361108,0.993107,0.826782236855996,1.60623298189449,True,True,61.6849246712624,46.0,,2,2,SA1015-A95736A-R03-C04,False
5378,8.0,89000001,89500000,500000,65,0.35673,0.988878,1.06355456357719,2.0662229326047097,True,True,61.11581128604939,46.0,,2,2,SA1015-A95736A-R03-C04,False
5379,8.0,89500001,90000000,500000,57,0.351856,0.985105,0.942078001392307,1.8302240782383,True,True,60.5045441202948,46.0,,2,2,SA1015-A95736A-R03-C04,False
5380,8.0,90000001,90500000,500000,64,0.3579719999999999,0.990357,1.04446592339628,2.02913843553728,True,True,61.2753356202296,46.0,,2,2,SA1015-A95736A-R03-C04,False
5381,8.0,90500001,91000000,500000,54,0.377698,0.987142,0.843569080145448,1.63884565806415,True,True,64.0137260491925,46.0,,2,2,SA1015-A95736A-R03-C04,False
5382,8.0,91000001,91500000,500000,67,0.375444,0.996917,1.05211374918687,2.04399626566114,True,True,63.6813272821318,46.0,,2,2,SA1015-A95736A-R03-C04,False
5383,8.0,91500001,92000000,500000,77,0.377048,0.997545,1.20468065634074,2.34039595507399,True,True,63.9173540263279,46.0,,2,2,SA1015-A95736A-R03-C04,False
5384,8.0,92000001,92500000,500000,40,0.364094,0.991431,0.644288676310734,1.25169322176874,True,True,62.08397178271751,46.0,,2,2,SA1015-A95736A-R03-C04,False
5385,8.0,92500001,93000000,500000,57,0.377564,0.969443,0.890710948633057,1.7304306252023798,True,True,63.993824357358505,46.0,,2,2,SA1015-A95736A-R03-C04,False
5386,8.0,93000001,93500000,500000,98,0.3799,0.993267,1.5230797793776798,2.95896654117294,True,True,64.3433136772666,46.0,,2,2,SA1015-A95736A-R03-C04,False
5387,8.0,93500001,94000000,500000,64,0.35815,0.998353,1.04407423437271,2.02837748083814,True,True,61.298323330861386,46.0,,2,2,SA1015-A95736A-R03-C04,False
5388,8.0,94000001,94500000,500000,58,0.385536,0.989179,0.8894510697238851,1.72798299272203,True,True,65.20875849641189,46.0,,2,2,SA1015-A95736A-R03-C04,False
5389,8.0,94500001,95000000,500000,70,0.405998,0.997115,1.02018226693056,1.9819613093274,True,True,68.6151899215132,46.0,,2,2,SA1015-A95736A-R03-C04,False
5390,8.0,95000001,95500000,500000,50,0.405346,0.995717,0.7299243043281379,1.41806202363108,True,True,68.5002536612652,46.0,,2,2,SA1015-A95736A-R03-C04,False
5391,8.0,95500001,96000000,500000,36,0.41511,0.997342,0.512342326355094,0.995354164527652,True,True,70.2655200403043,46.0,,2,2,SA1015-A95736A-R03-C04,False
5392,8.0,96000001,96500000,500000,71,0.418088,0.990266,1.00250333434234,1.94761552473984,True,True,70.8227070851362,46.0,,2,2,SA1015-A95736A-R03-C04,False
5393,8.0,96500001,97000000,500000,98,0.387604,0.987597,1.4954023936306298,2.90519624004918,True,True,65.5342003044876,46.0,,2,2,SA1015-A95736A-R03-C04,False
5394,8.0,97000001,97500000,500000,71,0.414494,0.993652,1.01209724588864,1.9662541171818304,True,True,70.15136172775661,46.0,,2,2,SA1015-A95736A-R03-C04,False
5395,8.0,97500001,98000000,500000,98,0.39147,0.993539,1.48139301347327,2.87797948639683,True,True,66.1539504430558,46.0,,2,2,SA1015-A95736A-R03-C04,False
5396,8.0,98000001,98500000,500000,77,0.408176,0.986567,1.1159066967186,2.16793015268727,True,True,69.0021847045314,46.0,,2,2,SA1015-A95736A-R03-C04,False
5397,8.0,98500001,99000000,500000,60,0.432984,0.994161,0.8136523445913841,1.58072485525121,True,True,73.74156837233959,46.0,,2,2,SA1015-A95736A-R03-C04,False
5398,8.0,99000001,99500000,500000,73,0.422364,0.992604,1.01901074296999,1.97968532861488,True,True,71.6381063728881,46.0,,2,2,SA1015-A95736A-R03-C04,False
5399,8.0,99500001,100000000,500000,61,0.388696,0.981502,0.92835310269171,1.8035600015524096,True,True,65.7077569118192,46.0,,2,2,SA1015-A95736A-R03-C04,False
5400,8.0,100000001,100500000,500000,64,0.361476,0.990768,1.036712130546,2.0140747376786297,True,True,61.7336270255597,46.0,,2,2,SA1015-A95736A-R03-C04,False
5401,8.0,100500001,101000000,500000,35,0.379196,0.989287,0.544853768151101,1.05851583851362,True,True,64.2374193699137,46.0,,2,2,SA1015-A95736A-R03-C04,False
5402,8.0,101000001,101500000,500000,53,0.401072,0.997852,0.782204186333711,1.51962887766296,True,True,67.75724411348091,46.0,,2,2,SA1015-A95736A-R03-C04,False
5403,8.0,101500001,102000000,500000,56,0.4317760000000001,0.997163,0.7619392188604741,1.48025906819982,True,True,73.49667613087479,46.0,,2,2,SA1015-A95736A-R03-C04,False
5404,8.0,102000001,102500000,500000,88,0.4353,0.998314,1.18574219522934,2.3036032187192204,True,True,74.21512058359299,46.0,,2,2,SA1015-A95736A-R03-C04,False
5405,8.0,102500001,103000000,500000,87,0.407096,0.988102,1.26435663454946,2.45633159102835,True,True,68.8096994334209,46.0,,2,2,SA1015-A95736A-R03-C04,False
5406,8.0,103000001,103500000,500000,54,0.402776,0.9931,0.793518931055876,1.5416106224856,True,True,68.0513065115488,46.0,,2,2,SA1015-A95736A-R03-C04,False
5407,8.0,103500001,104000000,500000,88,0.4513979999999999,0.998642,1.13324051040833,2.2016054567871,True,True,77.65341883894709,46.0,,2,2,SA1015-A95736A-R03-C04,False
5408,8.0,104000001,104500000,500000,64,0.402456,0.998189,0.941233715797748,1.82858384057031,True,True,67.9958642851594,46.0,,2,2,SA1015-A95736A-R03-C04,False
5409,8.0,104500001,105000000,500000,64,0.361334,0.989401,1.03702808624006,2.0146885612878003,True,True,61.7148183826379,46.0,,2,2,SA1015-A95736A-R03-C04,False
5410,8.0,105000001,105500000,500000,48,0.377326,0.995741,0.7504864042550351,1.45800908781232,True,True,63.95852040470589,46.0,,2,2,SA1015-A95736A-R03-C04,False
5411,8.0,105500001,106000000,500000,72,0.383422,0.988486,1.10973329282779,2.1559367589036,True,True,64.8804541283351,46.0,,2,2,SA1015-A95736A-R03-C04,False
5412,8.0,106000001,106500000,500000,77,0.3609159999999999,0.994812,1.2487924020687702,2.42609414465621,True,True,61.6595679733803,46.0,,2,2,SA1015-A95736A-R03-C04,False
5413,8.0,106500001,107000000,500000,77,0.36293,0.996539,1.24339214380693,2.41560278121824,True,True,61.92736570157761,46.0,,2,2,SA1015-A95736A-R03-C04,False
5414,8.0,107000001,107500000,500000,88,0.36987,0.997175,1.3994704839444598,2.7188243146677102,True,True,62.8809260428048,46.0,,2,2,SA1015-A95736A-R03-C04,False
5415,8.0,107500001,108000000,500000,66,0.375088,0.996844,1.03725819313914,2.01513560196451,True,True,63.629287709224,46.0,,2,2,SA1015-A95736A-R03-C04,False
5416,8.0,108000001,108500000,500000,70,0.3659179999999999,0.994321,1.1230173568272,2.1817444030186697,True,True,62.3320731193035,46.0,,2,2,SA1015-A95736A-R03-C04,False
5417,8.0,108500001,109000000,500000,91,0.37925,0.994826,1.41644107680033,2.75179397070562,True,True,64.2455245689179,46.0,,2,2,SA1015-A95736A-R03-C04,False
5418,8.0,109000001,109500000,500000,64,0.3739699999999999,0.995098,1.00840321551657,1.9590775316732905,True,True,63.4666758447564,46.0,,2,2,SA1015-A95736A-R03-C04,False
5419,8.0,109500001,110000000,500000,38,0.371138,0.993501,0.602597809680818,1.17069820029926,True,True,63.0603022273308,46.0,,2,2,SA1015-A95736A-R03-C04,False
5420,8.0,110000001,110500000,500000,115,0.367432,0.998145,1.83880816158794,3.57234853974464,True,True,62.5405098815145,46.0,,2,2,SA1015-A95736A-R03-C04,False
5421,8.0,110500001,111000000,500000,61,0.372378,0.993385,0.9646212209514872,1.8740199668773,True,True,63.2372569409478,46.0,,2,2,SA1015-A95736A-R03-C04,False
5422,8.0,111000001,111500000,500000,54,0.346962,0.995536,0.9012853290917048,1.75097402574806,True,True,59.91443359498589,46.0,,2,2,SA1015-A95736A-R03-C04,False
5423,8.0,111500001,112000000,500000,92,0.343288,0.993323,1.54655608417253,3.0045751831750898,True,True,59.4870117815504,46.0,,2,2,SA1015-A95736A-R03-C04,False
5424,8.0,112000001,112500000,500000,47,0.34156,0.998649,0.79270572332747,1.54003076140941,True,True,59.2906025740704,46.0,,2,2,SA1015-A95736A-R03-C04,False
5425,8.0,112500001,113000000,500000,60,0.348996,0.997021,0.9973933082938308,1.93768801056311,True,True,60.1568102583701,46.0,,2,2,SA1015-A95736A-R03-C04,False
5426,8.0,113000001,113500000,500000,84,0.34811,0.998737,1.3988173300281497,2.71755539848172,True,True,60.0507287097377,46.0,,2,2,SA1015-A95736A-R03-C04,False
5427,8.0,113500001,114000000,500000,50,0.337388,0.992799,0.849926926833077,1.65119737849096,True,True,58.8285868131106,46.0,,2,2,SA1015-A95736A-R03-C04,False
5428,8.0,114000001,114500000,500000,58,0.33834,0.993452,0.984176883762546,1.9120117731712696,True,True,58.93249573010061,46.0,,2,2,SA1015-A95736A-R03-C04,False
5429,8.0,114500001,115000000,500000,86,0.347486,0.988501,1.43389534647274,2.78570329092678,True,True,59.976483089614895,46.0,,2,2,SA1015-A95736A-R03-C04,False
5430,8.0,115000001,115500000,500000,46,0.344462,0.985438,0.7715254977808829,1.49888283234134,True,True,59.6221383898633,46.0,,2,2,SA1015-A95736A-R03-C04,False
5431,8.0,115500001,116000000,500000,54,0.345596,0.987015,0.903705846675416,1.7556764915279202,True,True,59.7539566648341,46.0,,2,2,SA1015-A95736A-R03-C04,False
5432,8.0,116000001,116500000,500000,78,0.363892,0.996859,1.25691508265935,2.44187449997154,True,True,62.0566982416741,46.0,,2,2,SA1015-A95736A-R03-C04,False
5433,8.0,116500001,117000000,500000,84,0.3585239999999999,0.996782,1.36926623622724,2.66014494697689,True,True,61.346725550939205,46.0,,2,2,SA1015-A95736A-R03-C04,False
5434,8.0,117000001,117500000,500000,59,0.380998,0.997313,0.91459465265617,1.77683074293787,True,True,64.509452169496,46.0,,2,2,SA1015-A95736A-R03-C04,False
5435,8.0,117500001,118000000,500000,69,0.39507,0.997085,1.03379515262274,2.00840777249852,True,True,66.7443640308692,46.0,,2,2,SA1015-A95736A-R03-C04,False
5436,8.0,118000001,118500000,500000,47,0.38187,0.99484,0.7270787087126149,1.41253373658398,True,True,64.6422449685254,46.0,,2,2,SA1015-A95736A-R03-C04,False
5437,8.0,118500001,119000000,500000,43,0.399066,0.998271,0.6378426162203941,1.23917012456269,True,True,67.4147491975391,46.0,,2,2,SA1015-A95736A-R03-C04,False
5438,8.0,119000001,119500000,500000,92,0.40198,0.998022,1.35466276279166,2.63177401732116,True,True,67.9135815399607,46.0,,2,2,SA1015-A95736A-R03-C04,False
5439,8.0,119500001,120000000,500000,127,0.384988,0.992409,1.95014899447258,3.78865618405371,True,True,65.1232292301581,46.0,,2,2,SA1015-A95736A-R03-C04,False
5440,8.0,120000001,120500000,500000,93,0.383972,0.983467,1.43153029077802,2.7811085738519,True,True,64.9654433434696,46.0,,2,2,SA1015-A95736A-R03-C04,False
5441,8.0,120500001,121000000,500000,62,0.403376,0.997513,0.909684018468913,1.76729059773158,True,True,68.1555339450198,46.0,,2,2,SA1015-A95736A-R03-C04,False
5442,8.0,121000001,121500000,500000,80,0.386682,0.991943,1.22345519321402,2.37687022726002,True,True,65.3885818162572,46.0,,2,2,SA1015-A95736A-R03-C04,False
5443,8.0,121500001,122000000,500000,110,0.390962,0.9911,1.66485879158245,3.23440802430121,True,True,66.07166959514029,46.0,,2,2,SA1015-A95736A-R03-C04,False
5444,8.0,122000001,122500000,500000,42,0.374648,0.989784,0.660739492385917,1.2836530803398702,True,True,63.5651425168168,46.0,,2,2,SA1015-A95736A-R03-C04,False
5445,8.0,122500001,123000000,500000,58,0.382108,0.996644,0.896741462809266,1.74214641968346,True,True,64.67861965287129,46.0,,2,2,SA1015-A95736A-R03-C04,False
5446,8.0,123000001,123500000,500000,40,0.371778,0.987099,0.6333980305162621,1.2305353960566998,True,True,63.151443599212506,46.0,,2,2,SA1015-A95736A-R03-C04,False
5447,8.0,123500001,124000000,500000,106,0.439984,0.999423,1.40977902426203,2.73885125370335,True,True,75.18908862719641,46.0,,2,2,SA1015-A95736A-R03-C04,False
5448,8.0,124000001,124500000,500000,242,0.425242,0.999349,3.35193470028959,6.51197840103029,True,True,72.1971105162319,46.0,,2,2,SA1015-A95736A-R03-C04,False
5449,8.0,124500001,125000000,500000,58,0.424772,0.992813,0.804379591807971,1.5627101946916002,True,True,72.105260489809,46.0,,2,2,SA1015-A95736A-R03-C04,False
5450,8.0,125000001,125500000,500000,122,0.4142520000000001,0.998359,1.74020664390724,3.38079022764802,True,True,70.1066166062192,46.0,,2,2,SA1015-A95736A-R03-C04,False
5451,8.0,125500001,126000000,500000,90,0.4365,0.998268,1.2086608921241202,2.34812856676543,True,True,74.46257307277669,46.0,,2,2,SA1015-A95736A-R03-C04,False
5452,8.0,126000001,126500000,500000,61,0.418602,0.998152,0.8601269265928221,1.67101345012274,True,True,70.9197655765019,46.0,,2,2,SA1015-A95736A-R03-C04,False
5453,8.0,126500001,127000000,500000,86,0.4193739999999999,0.986596,1.2101421119485198,2.35100620978837,True,True,71.066033609496,46.0,,2,2,SA1015-A95736A-R03-C04,False
5454,8.0,127000001,127500000,500000,32,0.388366,0.989395,0.4873948719339129,0.9468874434016752,True,True,65.6551840051755,46.0,,2,2,SA1015-A95736A-R03-C04,False
5455,8.0,127500001,128000000,500000,50,0.403448,0.990343,0.7334812842572659,1.4249723540946695,True,True,68.1680651887808,46.0,,2,2,SA1015-A95736A-R03-C04,False
5456,8.0,128000001,128500000,500000,49,0.3954539999999999,0.987097,0.7334440116038801,1.4248999425665598,True,True,66.8080988115887,46.0,,2,2,SA1015-A95736A-R03-C04,False
5457,8.0,128500001,129000000,500000,79,0.4469619999999999,0.998693,1.03025097994872,2.00152232335753,True,True,76.6803444379468,46.0,,2,2,SA1015-A95736A-R03-C04,False
5458,8.0,129000001,129500000,500000,75,0.417134,0.984974,1.0616724569693798,2.06256646591476,True,True,70.6432567857068,46.0,,2,2,SA1015-A95736A-R03-C04,False
5459,8.0,129500001,130000000,500000,64,0.383054,0.983715,0.987292376987446,1.91806440438373,True,True,64.8237558516202,46.0,,2,2,SA1015-A95736A-R03-C04,False
5460,8.0,130000001,130500000,500000,105,0.382616,0.990619,1.6214601683220602,3.1500952549379804,True,True,64.7564473376227,46.0,,2,2,SA1015-A95736A-R03-C04,False
5461,8.0,130500001,131000000,500000,57,0.401594,0.996708,0.8401253145188969,1.63215527493217,True,True,67.8470211704565,46.0,,2,2,SA1015-A95736A-R03-C04,False
5462,8.0,131000001,131500000,500000,173,0.4325859999999999,0.999173,2.34860574807858,4.56275890538738,True,True,73.6607240876991,46.0,,2,2,SA1015-A95736A-R03-C04,False
5463,8.0,131500001,132000000,500000,77,0.414138,0.998388,1.09865715191462,2.13441856214782,True,True,70.0855584163018,46.0,,2,2,SA1015-A95736A-R03-C04,False
5464,8.0,132000001,132500000,500000,68,0.384436,0.990988,1.04555263332182,2.0312496435995,True,True,65.0373762475808,46.0,,2,2,SA1015-A95736A-R03-C04,False
5465,8.0,132500001,133000000,500000,61,0.384594,0.986318,0.937568406590562,1.82146305316707,True,True,65.0619192916542,46.0,,2,2,SA1015-A95736A-R03-C04,False
5466,8.0,133000001,133500000,500000,98,0.430538,0.998074,1.33793508066001,2.5992762766190003,True,True,73.247201165886,46.0,,2,2,SA1015-A95736A-R03-C04,False
5467,8.0,133500001,134000000,500000,77,0.407476,0.996776,1.11793009667805,2.17186111734225,True,True,68.877294053364,46.0,,2,2,SA1015-A95736A-R03-C04,False
5468,8.0,134000001,134500000,500000,140,0.4695859999999999,0.998043,1.7105125815908102,3.3231020237499305,True,True,81.84681101251951,46.0,,2,2,SA1015-A95736A-R03-C04,False
5469,8.0,134500001,135000000,500000,88,0.442956,0.997897,1.16066910868772,2.2548924255190603,True,True,75.8183355973825,46.0,,2,2,SA1015-A95736A-R03-C04,False
5470,8.0,135000001,135500000,500000,91,0.41288,0.983867,1.30271646418113,2.5308552331527205,True,True,69.8540338608533,46.0,,2,2,SA1015-A95736A-R03-C04,False
5471,8.0,135500001,136000000,500000,75,0.4320520000000001,0.998985,1.0196798067694202,1.98098515376076,True,True,73.55250099304949,46.0,,2,2,SA1015-A95736A-R03-C04,False
5472,8.0,136000001,136500000,500000,72,0.423278,0.993303,1.0025795927469,1.94776367592051,True,True,71.814747199005,46.0,,2,2,SA1015-A95736A-R03-C04,False
5473,8.0,136500001,137000000,500000,83,0.4103279999999999,0.987618,1.19615203611515,2.32382695965328,True,True,69.3891725248962,46.0,,2,2,SA1015-A95736A-R03-C04,False
5474,8.0,137000001,137500000,500000,75,0.383912,0.98777,1.15462495301827,2.24315012899744,True,True,64.9561572387162,46.0,,2,2,SA1015-A95736A-R03-C04,False
5475,8.0,137500001,138000000,500000,41,0.369128,0.995478,0.653108576966746,1.26882810287672,True,True,62.7766981570165,46.0,,2,2,SA1015-A95736A-R03-C04,False
5476,8.0,138000001,138500000,500000,62,0.371562,0.996207,0.982246091237194,1.90826072180954,True,True,63.12063804897161,46.0,,2,2,SA1015-A95736A-R03-C04,False
5477,8.0,138500001,139000000,500000,64,0.384586,0.994354,0.983697125869948,1.91107972248602,True,True,65.06067601183699,46.0,,2,2,SA1015-A95736A-R03-C04,False
5478,8.0,139000001,139500000,500000,54,0.416008,0.990175,0.7666902920882979,1.4894892260064798,True,True,70.43261217370541,46.0,,2,2,SA1015-A95736A-R03-C04,False
5479,8.0,139500001,140000000,500000,98,0.4548,0.998778,1.24979473142105,2.42804142217693,True,True,78.4128765597943,46.0,,2,2,SA1015-A95736A-R03-C04,False
5480,8.0,140000001,140500000,500000,89,0.423106,0.995691,1.23987476685133,2.40876938951728,True,True,71.7814430775262,46.0,,2,2,SA1015-A95736A-R03-C04,False
5481,8.0,140500001,141000000,500000,85,0.498252,0.999704,0.9537607711788432,1.85292080455208,True,True,89.12088080005691,46.0,,2,2,SA1015-A95736A-R03-C04,False
5482,8.0,141000001,141500000,500000,85,0.454024,0.99723,1.08641977707446,2.11064437566454,True,True,78.2386346361353,46.0,,2,2,SA1015-A95736A-R03-C04,False
5483,8.0,141500001,142000000,500000,98,0.433216,0.995901,1.32811544712975,2.58019916230362,True,True,73.78876603821779,46.0,,2,2,SA1015-A95736A-R03-C04,False
5484,8.0,142000001,142500000,500000,181,0.53666,0.996118,1.80742794888796,3.5113845635358,True,True,100.142304489295,46.0,,2,2,SA1015-A95736A-R03-C04,False
5485,8.0,142500001,143000000,500000,115,-1.0,0.8578540000000001,,,False,False,,,,2,2,SA1015-A95736A-R03-C04,True
5486,8.0,143000001,143500000,500000,104,0.550756,0.998751,0.994704956810285,1.93246520989408,True,True,104.553615911894,46.0,,2,2,SA1015-A95736A-R03-C04,False
5487,8.0,143500001,144000000,500000,105,0.547708,0.995281,1.01367905587294,1.96932718195586,True,True,103.58308124417,46.0,,2,2,SA1015-A95736A-R03-C04,False
5488,8.0,144000001,144500000,500000,285,0.5392239999999999,0.99839,2.8237373980682703,5.48582194778837,True,False,100.930065308116,46.0,,2,2,SA1015-A95736A-R03-C04,False
5489,8.0,144500001,145000000,500000,86,0.572534,0.997583,0.7695353864335022,1.49501653920959,True,True,111.755744461053,46.0,,2,2,SA1015-A95736A-R03-C04,False
5490,8.0,145000001,145500000,500000,54,-1.0,0.669804,,,False,False,,,,2,2,SA1015-A95736A-R03-C04,True
5491,8.0,145500001,146000000,500000,113,0.557508,0.992098,1.05868365026871,2.05675995522172,True,True,106.736322952866,46.0,,2,2,SA1015-A95736A-R03-C04,False
5492,8.0,146000001,146500000,500000,56,-1.0,0.8315809999999999,,,False,False,,,,2,2,SA1015-A95736A-R03-C04,True
