,chr,start,end,width,reads,gc,map,cor_gc,copy,valid,ideal,modal_curve,modal_quantile,cor_map,multiplier,state,cell_id,is_low_mappability
5493,9.0,1,500000,500000,38,-1.0,0.904054,,,False,False,,,,2,2,SA1015-A95736A-R03-C04,False
5494,9.0,500001,1000000,500000,86,0.43116,0.997611,1.17210360409558,2.27710681624578,True,True,73.3723535184924,46.0,,2,2,SA1015-A95736A-R03-C04,False
5495,9.0,1000001,1500000,500000,56,0.399916,0.989393,0.828900347862667,1.6103479466416395,True,True,67.5593877411161,46.0,,2,2,SA1015-A95736A-R03-C04,False
5496,9.0,1500001,2000000,500000,74,0.394238,0.992685,1.11099812897006,2.1583940220592703,True,True,66.6067728382236,46.0,,2,2,SA1015-A95736A-R03-C04,False
5497,9.0,2000001,2500000,500000,116,0.402196,0.998684,1.7071151881641695,3.3165017303097897,True,True,67.9508921274062,46.0,,2,2,SA1015-A95736A-R03-C04,False
5498,9.0,2500001,3000000,500000,49,0.401138,0.998947,0.72304893737305,1.40470488958345,True,True,67.7685803370719,46.0,,2,2,SA1015-A95736A-R03-C04,False
5499,9.0,3000001,3500000,500000,73,0.365056,0.996101,1.17336154943689,2.27955069228299,True,True,62.2144129701824,46.0,,2,2,SA1015-A95736A-R03-C04,False
5500,9.0,3500001,4000000,500000,72,0.389644,0.997441,1.0932382799452098,2.12389103688914,True,True,65.8593842905027,46.0,,2,2,SA1015-A95736A-R03-C04,False
5501,9.0,4000001,4500000,500000,57,0.405638,0.997097,0.8314895157293549,1.61537805812414,True,True,68.55167614470939,46.0,,2,2,SA1015-A95736A-R03-C04,False
5502,9.0,4500001,5000000,500000,192,0.4114779999999999,0.991897,2.75870577229426,5.35948161592342,True,True,69.5978534312212,46.0,,2,2,SA1015-A95736A-R03-C04,False
5503,9.0,5000001,5500000,500000,52,0.383784,0.98778,0.8007840440303678,1.5557249364568302,True,True,64.9363587944168,46.0,,2,2,SA1015-A95736A-R03-C04,False
5504,9.0,5500001,6000000,500000,94,0.390912,0.99423,1.4228716189896202,2.76428692047578,True,True,66.063584897947,46.0,,2,2,SA1015-A95736A-R03-C04,False
5505,9.0,6000001,6500000,500000,41,0.397894,0.989307,0.6099693573717829,1.18501929054651,True,True,67.2164912950046,46.0,,2,2,SA1015-A95736A-R03-C04,False
5506,9.0,6500001,7000000,500000,106,0.4255140000000001,0.996614,1.46712059184689,2.85025170836066,True,True,72.25036618602779,46.0,,2,2,SA1015-A95736A-R03-C04,False
5507,9.0,7000001,7500000,500000,68,0.401516,0.999145,1.00245322322478,1.94751817125763,True,True,67.8335890638884,46.0,,2,2,SA1015-A95736A-R03-C04,False
5508,9.0,7500001,8000000,500000,98,0.3871,0.996086,1.49722336597664,2.9087339380195703,True,True,65.45449545270371,46.0,,2,2,SA1015-A95736A-R03-C04,False
5509,9.0,8000001,8500000,500000,84,0.376758,0.995358,1.31507894740462,2.55487247421875,True,True,63.8744922240436,46.0,,2,2,SA1015-A95736A-R03-C04,False
5510,9.0,8500001,9000000,500000,80,0.371692,0.999811,1.2670422550024198,2.4615490859818,True,True,63.13917289194671,46.0,,2,2,SA1015-A95736A-R03-C04,False
5511,9.0,9000001,9500000,500000,65,0.35263,0.997401,1.0726064906498,2.08380858353624,True,True,60.600043507681896,46.0,,2,2,SA1015-A95736A-R03-C04,False
5512,9.0,9500001,10000000,500000,85,0.349152,0.99376,1.4125333881541595,2.7442023001221902,True,True,60.1755687425373,46.0,,2,2,SA1015-A95736A-R03-C04,False
5513,9.0,10000001,10500000,500000,71,0.344748,0.992233,1.19017159308595,2.31220844100154,True,True,59.6552635035648,46.0,,2,2,SA1015-A95736A-R03-C04,False
5514,9.0,10500001,11000000,500000,73,0.358182,0.994195,1.19081682623879,2.31346196910712,True,True,61.30245927962872,46.0,,2,2,SA1015-A95736A-R03-C04,False
5515,9.0,11000001,11500000,500000,50,0.355284,0.997869,0.820586762388512,1.5941967104501498,True,True,60.9320090108,46.0,,2,2,SA1015-A95736A-R03-C04,False
5516,9.0,11500001,12000000,500000,74,0.342984,0.994374,1.24469649935749,2.41813682079001,True,True,59.4522440114509,46.0,,2,2,SA1015-A95736A-R03-C04,False
5517,9.0,12000001,12500000,500000,57,0.350092,0.993549,0.945444366259159,1.8367640908766896,True,True,60.289110638558206,46.0,,2,2,SA1015-A95736A-R03-C04,False
5518,9.0,12500001,13000000,500000,64,0.359998,0.993444,1.03999367684722,2.02044996886488,True,True,61.538835691788215,46.0,,2,2,SA1015-A95736A-R03-C04,False
5519,9.0,13000001,13500000,500000,41,0.371538,0.992948,0.6495850301906579,1.26198272474363,True,True,63.1172180614541,46.0,,2,2,SA1015-A95736A-R03-C04,False
5520,9.0,13500001,14000000,500000,92,0.380152,0.997316,1.4289855173841,2.7761647098275697,True,True,64.3813382856495,46.0,,2,2,SA1015-A95736A-R03-C04,False
5521,9.0,14000001,14500000,500000,112,0.389328,0.999149,1.70190152479878,3.30637287451117,True,True,65.8087429666307,46.0,,2,2,SA1015-A95736A-R03-C04,False
5522,9.0,14500001,15000000,500000,52,0.386378,0.991752,0.795827984672731,1.5460965414023602,True,True,65.3407532802255,46.0,,2,2,SA1015-A95736A-R03-C04,False
5523,9.0,15000001,15500000,500000,48,0.402172,0.995942,0.706435614350068,1.37242932028741,True,True,67.94674422546031,46.0,,2,2,SA1015-A95736A-R03-C04,False
5524,9.0,15500001,16000000,500000,49,0.372702,0.992686,0.774290467570868,1.5042544833912,True,True,63.28374434690461,46.0,,2,2,SA1015-A95736A-R03-C04,False
5525,9.0,16000001,16500000,500000,69,0.4285739999999999,0.993672,0.947092661447546,1.83996631992499,True,True,72.85453980240929,46.0,,2,2,SA1015-A95736A-R03-C04,False
5526,9.0,16500001,17000000,500000,72,0.396956,0.999081,1.07368463416457,2.0859031491853703,True,True,67.0587970703549,46.0,,2,2,SA1015-A95736A-R03-C04,False
5527,9.0,17000001,17500000,500000,71,0.36978,0.990166,1.12934580780646,2.19403901486936,True,True,62.8682547977966,46.0,,2,2,SA1015-A95736A-R03-C04,False
5528,9.0,17500001,18000000,500000,74,0.39148,0.985085,1.11857545736068,2.17311489320662,True,True,66.1555727090647,46.0,,2,2,SA1015-A95736A-R03-C04,False
5529,9.0,18000001,18500000,500000,65,0.380326,0.994747,1.00919720121777,1.9606200491145,True,True,64.4076300663203,46.0,,2,2,SA1015-A95736A-R03-C04,False
5530,9.0,18500001,19000000,500000,58,0.4002699999999999,0.990685,0.857736472910652,1.6663693910527302,True,True,67.6198364320246,46.0,,2,2,SA1015-A95736A-R03-C04,False
5531,9.0,19000001,19500000,500000,55,0.420642,0.997871,0.771306744305912,1.4984578485538995,True,True,71.3075574744179,46.0,,2,2,SA1015-A95736A-R03-C04,False
5532,9.0,19500001,20000000,500000,113,0.39224,0.986022,1.7049100980253795,3.31221778666527,True,True,66.279154619869,46.0,,2,2,SA1015-A95736A-R03-C04,False
5533,9.0,20000001,20500000,500000,173,0.38658,0.99516,2.64637174337581,5.14124443786787,True,True,65.37252388408399,46.0,,2,2,SA1015-A95736A-R03-C04,False
5534,9.0,20500001,21000000,500000,80,0.372982,0.990302,1.2633440245039,2.4543643406684903,True,True,63.324002368567,46.0,,2,2,SA1015-A95736A-R03-C04,False
5535,9.0,21000001,21500000,500000,64,0.376602,0.994526,1.00232618022965,1.9472713582036,True,True,63.8514699729148,46.0,,2,2,SA1015-A95736A-R03-C04,False
5536,9.0,21500001,22000000,500000,56,0.387962,0.991372,0.8537760763279991,1.6586753220114898,True,True,65.59096881801851,46.0,,2,2,SA1015-A95736A-R03-C04,False
5537,9.0,22000001,22500000,500000,65,0.375198,0.991196,1.0212842879939,1.9841022631357697,True,True,63.6453539569073,46.0,,2,2,SA1015-A95736A-R03-C04,False
5538,9.0,22500001,23000000,500000,34,0.3584719999999999,0.991968,0.554287690014885,1.0768436106533,True,True,61.3399875416445,46.0,,2,2,SA1015-A95736A-R03-C04,False
5539,9.0,23000001,23500000,500000,185,0.358268,0.996123,3.01727612397007,5.86181972684014,True,True,61.3135796655498,46.0,,2,2,SA1015-A95736A-R03-C04,False
5540,9.0,23500001,24000000,500000,95,0.385264,0.997229,1.45780941084253,2.8321623912915497,True,True,65.166268850669,46.0,,2,2,SA1015-A95736A-R03-C04,False
5541,9.0,24000001,24500000,500000,91,0.362992,0.993514,1.4692663362794798,2.85442035800587,True,True,61.9356734398699,46.0,,2,2,SA1015-A95736A-R03-C04,False
5542,9.0,24500001,25000000,500000,36,0.351594,0.991545,0.595313377354546,1.1565463536155,True,True,60.472351822458286,46.0,,2,2,SA1015-A95736A-R03-C04,False
5543,9.0,25000001,25500000,500000,42,0.34721,0.994122,0.7006566712290438,1.36120226601883,True,True,59.9437666472603,46.0,,2,2,SA1015-A95736A-R03-C04,False
5544,9.0,25500001,26000000,500000,62,0.3632599999999999,0.998271,1.00045782096444,1.94364159919328,True,True,61.97162808946,46.0,,2,2,SA1015-A95736A-R03-C04,False
5545,9.0,26000001,26500000,500000,46,0.365136,0.99549,0.739249127227682,1.4361778435216102,True,True,62.2253017362473,46.0,,2,2,SA1015-A95736A-R03-C04,False
5546,9.0,26500001,27000000,500000,58,0.3845699999999999,0.995519,0.891509590397406,1.73198218822035,True,True,65.058189642296,46.0,,2,2,SA1015-A95736A-R03-C04,False
5547,9.0,27000001,27500000,500000,57,0.404246,0.998676,0.834464290801277,1.6211573088400302,True,True,68.3072968230515,46.0,,2,2,SA1015-A95736A-R03-C04,False
5548,9.0,27500001,28000000,500000,70,0.386484,0.995791,1.07103371060366,2.08075306169413,True,True,65.35741994577029,46.0,,2,2,SA1015-A95736A-R03-C04,False
5549,9.0,28000001,28500000,500000,115,0.3648099999999999,0.983421,1.84944044019197,3.5930044220376898,True,True,62.1809697143116,46.0,,2,2,SA1015-A95736A-R03-C04,False
5550,9.0,28500001,29000000,500000,154,0.3544219999999999,0.994798,2.53191926766553,4.91889164271784,True,True,60.82342433532271,46.0,,2,2,SA1015-A95736A-R03-C04,False
5551,9.0,29000001,29500000,500000,75,0.35364,0.995974,1.23506490468651,2.39942501937591,True,True,60.725553544116494,46.0,,2,2,SA1015-A95736A-R03-C04,False
5552,9.0,29500001,30000000,500000,64,0.348936,0.997129,1.06401369265509,2.06711490661553,True,True,60.149601872413214,46.0,,2,2,SA1015-A95736A-R03-C04,False
5553,9.0,30000001,30500000,500000,177,0.345748,0.994571,2.96126652376588,5.75300695469739,True,True,59.7717221936872,46.0,,2,2,SA1015-A95736A-R03-C04,False
5554,9.0,30500001,31000000,500000,69,0.345308,0.992973,1.15538489480072,2.2446265075417204,True,True,59.72035839355621,46.0,,2,2,SA1015-A95736A-R03-C04,False
5555,9.0,31000001,31500000,500000,42,0.353888,0.99053,0.6912837609826291,1.3429930243309798,True,True,60.7565262929059,46.0,,2,2,SA1015-A95736A-R03-C04,False
5556,9.0,31500001,32000000,500000,66,0.362596,0.99417,1.06653434596647,2.07201191129726,True,True,61.8826765866526,46.0,,2,2,SA1015-A95736A-R03-C04,False
5557,9.0,32000001,32500000,500000,85,0.38453,0.991876,1.30664749572371,2.5384922531987404,True,True,65.0519748273203,46.0,,2,2,SA1015-A95736A-R03-C04,False
5558,9.0,32500001,33000000,500000,46,0.4116939999999999,0.990876,0.660566524252749,1.28331704612441,True,True,69.6371952121498,46.0,,2,2,SA1015-A95736A-R03-C04,False
5559,9.0,33000001,33500000,500000,63,0.459664,0.996312,0.7922673461369699,1.53917910317281,True,True,79.51861238151841,46.0,,2,2,SA1015-A95736A-R03-C04,False
5560,9.0,33500001,34000000,500000,50,0.4163979999999999,0.998274,0.7091652504961391,1.37773232682401,True,True,70.5054286924232,46.0,,2,2,SA1015-A95736A-R03-C04,False
5561,9.0,34000001,34500000,500000,56,0.452646,0.998722,0.7185872484460991,1.39603693375426,True,True,77.93068986556129,46.0,,2,2,SA1015-A95736A-R03-C04,False
5562,9.0,34500001,35000000,500000,421,0.4667239999999999,0.988704,5.18694949989436,10.0769573785637,True,False,81.1652398020406,46.0,,2,2,SA1015-A95736A-R03-C04,False
5563,9.0,35000001,35500000,500000,61,0.429964,0.995747,0.834107655117338,1.6204644540923998,True,True,73.1320467157429,46.0,,2,2,SA1015-A95736A-R03-C04,False
5564,9.0,35500001,36000000,500000,112,0.4654279999999999,0.998339,1.38512254748388,2.69094983002379,True,True,80.8592714077547,46.0,,2,2,SA1015-A95736A-R03-C04,False
5565,9.0,36000001,36500000,500000,66,0.4318520000000001,0.998023,0.8978121053177309,1.74422641273635,True,True,73.5120406698493,46.0,,2,2,SA1015-A95736A-R03-C04,False
5566,9.0,36500001,37000000,500000,86,0.4637779999999999,0.998787,1.0686929133890402,2.07620547283405,True,True,80.4721346259108,46.0,,2,2,SA1015-A95736A-R03-C04,False
5567,9.0,37000001,37500000,500000,67,0.415682,0.998423,0.9520851011538928,1.8496653929807296,True,True,70.3718605813686,46.0,,2,2,SA1015-A95736A-R03-C04,False
5568,9.0,37500001,38000000,500000,58,0.4466100000000001,0.999198,0.757140969596366,1.47093725904646,True,True,76.6039645575116,46.0,,2,2,SA1015-A95736A-R03-C04,False
5569,9.0,38000001,38500000,500000,74,0.463738,0.99673,0.919679848015514,1.78671001723943,True,True,80.4627829561312,46.0,,2,2,SA1015-A95736A-R03-C04,False
5570,9.0,38500001,39000000,500000,20,0.4165100000000001,0.926399,0.283581879875377,0.5509293115144771,True,True,70.52636793574109,46.0,,2,0,SA1015-A95736A-R03-C04,False
5571,9.0,39000001,39500000,500000,4,0.389886,0.648005,0.0606996544907242,0.117924385269035,True,False,65.8982334176426,46.0,,2,0,SA1015-A95736A-R03-C04,True
5572,9.0,39500001,40000000,500000,0,-1.0,0.42332,,,False,False,,,,2,0,SA1015-A95736A-R03-C04,True
5573,9.0,40000001,40500000,500000,0,-1.0,0.449578,,,False,False,,,,2,0,SA1015-A95736A-R03-C04,True
5574,9.0,40500001,41000000,500000,6,-1.0,0.667316,,,False,False,,,,2,0,SA1015-A95736A-R03-C04,True
5575,9.0,41000001,41500000,500000,0,-1.0,0.4194640000000001,,,False,False,,,,2,0,SA1015-A95736A-R03-C04,True
5576,9.0,41500001,42000000,500000,6,0.40088,0.65683,0.088594505058664,0.172117166644728,True,False,67.7242905305134,46.0,,2,0,SA1015-A95736A-R03-C04,True
5577,9.0,42000001,42500000,500000,2,0.380762,0.701721,0.0310204283376563,0.0602650043594446,True,False,64.473642279535,46.0,,2,0,SA1015-A95736A-R03-C04,True
5578,9.0,42500001,43000000,500000,2,-1.0,0.663385,,,False,False,,,,2,0,SA1015-A95736A-R03-C04,True
5579,9.0,43000001,43500000,500000,0,-1.0,0.5822109999999999,,,False,False,,,,2,0,SA1015-A95736A-R03-C04,True
5580,9.0,43500001,44000000,500000,6,-1.0,0.749186,,,False,False,,,,2,0,SA1015-A95736A-R03-C04,True
5581,9.0,44000001,44500000,500000,8,0.401536,0.7338100000000001,0.117929686648704,0.229108154234116,True,False,67.8370326195378,46.0,,2,0,SA1015-A95736A-R03-C04,True
5582,9.0,44500001,45000000,500000,2,-1.0,0.5045189999999999,,,False,False,,,,2,0,SA1015-A95736A-R03-C04,True
5583,9.0,45000001,45500000,500000,2,-1.0,0.616646,,,False,False,,,,2,0,SA1015-A95736A-R03-C04,True
5584,9.0,45500001,46000000,500000,0,-1.0,0.511972,,,False,False,,,,2,0,SA1015-A95736A-R03-C04,True
5585,9.0,46000001,46500000,500000,2,-1.0,0.5663590000000001,,,False,False,,,,2,0,SA1015-A95736A-R03-C04,True
5586,9.0,46500001,47000000,500000,4,-1.0,0.611161,,,False,False,,,,2,0,SA1015-A95736A-R03-C04,True
5587,9.0,47000001,47500000,500000,2,-1.0,0.353415,,,False,False,,,,2,0,SA1015-A95736A-R03-C04,True
5588,9.0,47500001,48000000,500000,0,-1.0,0.0,,,False,False,,,,2,0,SA1015-A95736A-R03-C04,True
5589,9.0,48000001,48500000,500000,0,-1.0,0.0,,,False,False,,,,2,0,SA1015-A95736A-R03-C04,True
5590,9.0,48500001,49000000,500000,0,-1.0,0.0,,,False,False,,,,2,0,SA1015-A95736A-R03-C04,True
5591,9.0,49000001,49500000,500000,0,-1.0,0.0,,,False,False,,,,2,0,SA1015-A95736A-R03-C04,True
5592,9.0,49500001,50000000,500000,0,-1.0,0.0,,,False,False,,,,2,0,SA1015-A95736A-R03-C04,True
5593,9.0,50000001,50500000,500000,0,-1.0,0.0,,,False,False,,,,2,0,SA1015-A95736A-R03-C04,True
5594,9.0,50500001,51000000,500000,0,-1.0,0.0,,,False,False,,,,2,0,SA1015-A95736A-R03-C04,True
5595,9.0,51000001,51500000,500000,0,-1.0,0.0,,,False,False,,,,2,0,SA1015-A95736A-R03-C04,True
5596,9.0,51500001,52000000,500000,0,-1.0,0.0,,,False,False,,,,2,0,SA1015-A95736A-R03-C04,True
5597,9.0,52000001,52500000,500000,0,-1.0,0.0,,,False,False,,,,2,0,SA1015-A95736A-R03-C04,True
5598,9.0,52500001,53000000,500000,0,-1.0,0.0,,,False,False,,,,2,0,SA1015-A95736A-R03-C04,True
5599,9.0,53000001,53500000,500000,0,-1.0,0.0,,,False,False,,,,2,0,SA1015-A95736A-R03-C04,True
5600,9.0,53500001,54000000,500000,0,-1.0,0.0,,,False,False,,,,2,0,SA1015-A95736A-R03-C04,True
5601,9.0,54000001,54500000,500000,0,-1.0,0.0,,,False,False,,,,2,0,SA1015-A95736A-R03-C04,True
5602,9.0,54500001,55000000,500000,0,-1.0,0.0,,,False,False,,,,2,0,SA1015-A95736A-R03-C04,True
5603,9.0,55000001,55500000,500000,0,-1.0,0.0,,,False,False,,,,2,0,SA1015-A95736A-R03-C04,True
5604,9.0,55500001,56000000,500000,0,-1.0,0.0,,,False,False,,,,2,0,SA1015-A95736A-R03-C04,True
5605,9.0,56000001,56500000,500000,0,-1.0,0.0,,,False,False,,,,2,0,SA1015-A95736A-R03-C04,True
5606,9.0,56500001,57000000,500000,0,-1.0,0.0,,,False,False,,,,2,0,SA1015-A95736A-R03-C04,True
5607,9.0,57000001,57500000,500000,0,-1.0,0.0,,,False,False,,,,2,0,SA1015-A95736A-R03-C04,True
5608,9.0,57500001,58000000,500000,0,-1.0,0.0,,,False,False,,,,2,0,SA1015-A95736A-R03-C04,True
5609,9.0,58000001,58500000,500000,0,-1.0,0.0,,,False,False,,,,2,0,SA1015-A95736A-R03-C04,True
5610,9.0,58500001,59000000,500000,0,-1.0,0.0,,,False,False,,,,2,0,SA1015-A95736A-R03-C04,True
5611,9.0,59000001,59500000,500000,0,-1.0,0.0,,,False,False,,,,2,0,SA1015-A95736A-R03-C04,True
5612,9.0,59500001,60000000,500000,0,-1.0,0.0,,,False,False,,,,2,0,SA1015-A95736A-R03-C04,True
5613,9.0,60000001,60500000,500000,0,-1.0,0.0,,,False,False,,,,2,0,SA1015-A95736A-R03-C04,True
5614,9.0,60500001,61000000,500000,0,-1.0,0.0,,,False,False,,,,2,0,SA1015-A95736A-R03-C04,True
5615,9.0,61000001,61500000,500000,0,-1.0,0.0,,,False,False,,,,2,0,SA1015-A95736A-R03-C04,True
5616,9.0,61500001,62000000,500000,0,-1.0,0.0,,,False,False,,,,2,0,SA1015-A95736A-R03-C04,True
5617,9.0,62000001,62500000,500000,0,-1.0,0.0,,,False,False,,,,2,0,SA1015-A95736A-R03-C04,True
5618,9.0,62500001,63000000,500000,0,-1.0,0.0,,,False,False,,,,2,0,SA1015-A95736A-R03-C04,True
5619,9.0,63000001,63500000,500000,0,-1.0,0.0,,,False,False,,,,2,0,SA1015-A95736A-R03-C04,True
5620,9.0,63500001,64000000,500000,0,-1.0,0.0,,,False,False,,,,2,0,SA1015-A95736A-R03-C04,True
5621,9.0,64000001,64500000,500000,0,-1.0,0.0,,,False,False,,,,2,0,SA1015-A95736A-R03-C04,True
5622,9.0,64500001,65000000,500000,0,-1.0,0.0,,,False,False,,,,2,0,SA1015-A95736A-R03-C04,True
5623,9.0,65000001,65500000,500000,0,-1.0,0.0356644,,,False,False,,,,2,0,SA1015-A95736A-R03-C04,True
5624,9.0,65500001,66000000,500000,0,-1.0,0.600504,,,False,False,,,,2,0,SA1015-A95736A-R03-C04,True
5625,9.0,66000001,66500000,500000,2,-1.0,0.564915,,,False,False,,,,2,0,SA1015-A95736A-R03-C04,True
5626,9.0,66500001,67000000,500000,2,-1.0,0.619012,,,False,False,,,,2,0,SA1015-A95736A-R03-C04,True
5627,9.0,67000001,67500000,500000,0,-1.0,0.362871,,,False,False,,,,2,0,SA1015-A95736A-R03-C04,True
5628,9.0,67500001,68000000,500000,0,-1.0,0.660853,,,False,False,,,,2,0,SA1015-A95736A-R03-C04,True
5629,9.0,68000001,68500000,500000,10,-1.0,0.657524,,,False,False,,,,2,0,SA1015-A95736A-R03-C04,True
5630,9.0,68500001,69000000,500000,0,-1.0,0.288477,,,False,False,,,,2,0,SA1015-A95736A-R03-C04,True
5631,9.0,69000001,69500000,500000,5,-1.0,0.6435270000000001,,,False,False,,,,2,0,SA1015-A95736A-R03-C04,True
5632,9.0,69500001,70000000,500000,8,0.383744,0.7160310000000001,0.123209278071273,0.2393650919086669,True,False,64.9301751072044,46.0,,2,0,SA1015-A95736A-R03-C04,True
5633,9.0,70000001,70500000,500000,0,-1.0,0.3564489999999999,,,False,False,,,,2,2,SA1015-A95736A-R03-C04,True
5634,9.0,70500001,71000000,500000,2,-1.0,0.5290279999999999,,,False,False,,,,2,2,SA1015-A95736A-R03-C04,True
5635,9.0,71000001,71500000,500000,102,0.404998,0.997654,1.4903765599625,2.89543229080183,True,True,68.4390795857434,46.0,,2,2,SA1015-A95736A-R03-C04,False
5636,9.0,71500001,72000000,500000,79,0.425386,0.998544,1.09379960824888,2.12498155866722,True,True,72.22529556988509,46.0,,2,2,SA1015-A95736A-R03-C04,False
5637,9.0,72000001,72500000,500000,70,0.402992,0.974928,1.0280694185864,1.99728409029449,True,True,68.0887873274648,46.0,,2,2,SA1015-A95736A-R03-C04,False
5638,9.0,72500001,73000000,500000,116,0.3940619999999999,0.993326,1.74232369794659,3.38490313896962,True,True,66.57775483207361,46.0,,2,2,SA1015-A95736A-R03-C04,False
5639,9.0,73000001,73500000,500000,80,0.407254,0.962349,1.16215240571804,2.25777410403832,True,True,68.83778720104421,46.0,,2,2,SA1015-A95736A-R03-C04,False
5640,9.0,73500001,74000000,500000,51,0.3712,0.996153,0.8086366990270041,1.5709806989645,True,True,63.069113807679,46.0,,2,2,SA1015-A95736A-R03-C04,False
5641,9.0,74000001,74500000,500000,67,0.388902,0.997879,1.0191566492959498,1.97996878844574,True,True,65.7406298102307,46.0,,2,2,SA1015-A95736A-R03-C04,False
5642,9.0,74500001,75000000,500000,77,0.408508,0.998581,1.11494684735486,2.16606540325634,True,True,69.0615881668955,46.0,,2,2,SA1015-A95736A-R03-C04,False
5643,9.0,75000001,75500000,500000,79,0.395876,0.99554,1.181249961518,2.29487592194398,True,True,66.8783090570253,46.0,,2,2,SA1015-A95736A-R03-C04,False
5644,9.0,75500001,76000000,500000,70,0.358752,0.998899,1.1405053606007098,2.21571926023782,True,True,61.3763007331507,46.0,,2,2,SA1015-A95736A-R03-C04,False
5645,9.0,76000001,76500000,500000,61,0.348388,0.996039,1.01524650232528,1.97237234194705,True,True,60.0839302182162,46.0,,2,2,SA1015-A95736A-R03-C04,False
5646,9.0,76500001,77000000,500000,68,0.359542,0.995447,1.10606560378427,2.14881134806815,True,True,61.4791742617674,46.0,,2,2,SA1015-A95736A-R03-C04,False
5647,9.0,77000001,77500000,500000,59,0.38101,0.993585,0.91456881717787,1.7767805510064298,True,True,64.5112744845808,46.0,,2,2,SA1015-A95736A-R03-C04,False
5648,9.0,77500001,78000000,500000,58,0.398444,0.995826,0.861692921831947,1.67405579076631,True,True,67.3093610618187,46.0,,2,2,SA1015-A95736A-R03-C04,False
5649,9.0,78000001,78500000,500000,85,0.3876679999999999,0.995949,1.2968320465547398,2.51942326806032,True,True,65.5443395509984,46.0,,2,2,SA1015-A95736A-R03-C04,False
5650,9.0,78500001,79000000,500000,71,0.402588,0.992792,1.04383025727518,2.02790349380333,True,True,68.01872191877129,46.0,,2,2,SA1015-A95736A-R03-C04,False
5651,9.0,79000001,79500000,500000,95,0.414836,0.99318,1.35299312206799,2.6285303191879303,True,True,70.214695441169,46.0,,2,2,SA1015-A95736A-R03-C04,False
5652,9.0,79500001,80000000,500000,70,0.39269,0.99687,1.05497000060863,2.0495452542989,True,True,66.3525976659202,46.0,,2,2,SA1015-A95736A-R03-C04,False
5653,9.0,80000001,80500000,500000,50,0.406852,0.99413,0.727099577691938,1.41257427983877,True,True,68.7663719441525,46.0,,2,2,SA1015-A95736A-R03-C04,False
5654,9.0,80500001,81000000,500000,54,0.405212,0.997568,0.7885895884582521,1.53203413147453,True,True,68.4766839308313,46.0,,2,2,SA1015-A95736A-R03-C04,False
5655,9.0,81000001,81500000,500000,55,0.392946,0.994042,0.828382267368633,1.60934144463942,True,True,66.3944680693229,46.0,,2,2,SA1015-A95736A-R03-C04,False
5656,9.0,81500001,82000000,500000,69,0.382698,0.990363,1.06532390114907,2.0696603170057903,True,True,64.76903402390211,46.0,,2,2,SA1015-A95736A-R03-C04,False
5657,9.0,82000001,82500000,500000,149,0.391592,0.987782,2.2516481623564504,4.37439434566492,True,True,66.17374885251371,46.0,,2,2,SA1015-A95736A-R03-C04,False
5658,9.0,82500001,83000000,500000,57,0.37855,0.995538,0.8886715745074331,1.72646862670148,True,True,64.140681028977,46.0,,2,2,SA1015-A95736A-R03-C04,False
5659,9.0,83000001,83500000,500000,61,0.3619219999999999,0.985802,0.987169516971247,1.91782571782108,True,True,61.792831880744494,46.0,,2,2,SA1015-A95736A-R03-C04,False
5660,9.0,83500001,84000000,500000,69,0.374696,0.996546,1.08538126797078,2.10862680985341,True,True,63.5721308596029,46.0,,2,2,SA1015-A95736A-R03-C04,False
5661,9.0,84000001,84500000,500000,115,0.419114,0.993247,1.61933727624279,3.1459710017516898,True,True,71.01670645588091,46.0,,2,2,SA1015-A95736A-R03-C04,False
5662,9.0,84500001,85000000,500000,54,0.3916739999999999,0.969763,0.8158693938586271,1.58503203251843,True,True,66.1870642611176,46.0,,2,2,SA1015-A95736A-R03-C04,False
5663,9.0,85000001,85500000,500000,59,0.383824,0.99054,0.9084953607649888,1.76498133040203,True,True,64.9425440657392,46.0,,2,2,SA1015-A95736A-R03-C04,False
5664,9.0,85500001,86000000,500000,70,0.399368,0.986556,1.03755879084385,2.01571958880659,True,True,67.4660564950434,46.0,,2,2,SA1015-A95736A-R03-C04,False
5665,9.0,86000001,86500000,500000,65,0.403942,0.996444,0.952322601053999,1.85012679642621,True,True,68.2541818581856,46.0,,2,2,SA1015-A95736A-R03-C04,False
5666,9.0,86500001,87000000,500000,74,0.412016,0.999099,1.06175497871405,2.062726785213,True,True,69.6959293655733,46.0,,2,2,SA1015-A95736A-R03-C04,False
5667,9.0,87000001,87500000,500000,77,0.409904,0.998928,1.11090971814968,2.15822226174644,True,True,69.3125631561227,46.0,,2,2,SA1015-A95736A-R03-C04,False
5668,9.0,87500001,88000000,500000,155,0.4086,0.992598,2.24383806564407,4.35922126335617,True,True,69.07806867761171,46.0,,2,2,SA1015-A95736A-R03-C04,False
5669,9.0,88000001,88500000,500000,52,0.395498,0.994634,0.7782635646666659,1.5119732263818702,True,True,66.8154110777007,46.0,,2,2,SA1015-A95736A-R03-C04,False
5670,9.0,88500001,89000000,500000,75,0.4136039999999999,0.989684,1.07162622953134,2.0819041791246,True,True,69.9870887191702,46.0,,2,2,SA1015-A95736A-R03-C04,False
5671,9.0,89000001,89500000,500000,62,0.411438,0.99496,0.89092526961977,1.7308469977636498,True,True,69.5905729853868,46.0,,2,2,SA1015-A95736A-R03-C04,False
5672,9.0,89500001,90000000,500000,50,0.40638,0.995559,0.7279850894281401,1.41429460968276,True,True,68.68272541031979,46.0,,2,2,SA1015-A95736A-R03-C04,False
5673,9.0,90000001,90500000,500000,109,0.444738,0.997532,1.43044950835008,2.77900888144848,True,True,76.19982345670041,46.0,,2,2,SA1015-A95736A-R03-C04,False
5674,9.0,90500001,91000000,500000,38,0.44598,0.989134,0.496942702640762,0.965436512192998,True,True,76.4675681885807,46.0,,2,2,SA1015-A95736A-R03-C04,False
5675,9.0,91000001,91500000,500000,66,0.426346,0.99737,0.911429484177366,1.77068160501827,True,True,72.4137205848349,46.0,,2,2,SA1015-A95736A-R03-C04,False
5676,9.0,91500001,92000000,500000,62,0.43146,0.996414,0.844308741935496,1.64028263760926,True,True,73.43285331604059,46.0,,2,2,SA1015-A95736A-R03-C04,False
5677,9.0,92000001,92500000,500000,76,-1.0,0.799296,,,False,False,,,,2,2,SA1015-A95736A-R03-C04,True
5678,9.0,92500001,93000000,500000,52,-1.0,0.688922,,,False,False,,,,2,2,SA1015-A95736A-R03-C04,True
5679,9.0,93000001,93500000,500000,84,0.396366,0.997298,1.25447927463622,2.4371423286573703,True,True,66.960054022701,46.0,,2,2,SA1015-A95736A-R03-C04,False
5680,9.0,93500001,94000000,500000,100,0.441308,0.994337,1.32505909007215,2.57426141800829,True,True,75.4683325062547,46.0,,2,2,SA1015-A95736A-R03-C04,False
5681,9.0,94000001,94500000,500000,91,0.4119,0.998199,1.30606839212563,2.53736719842892,True,True,69.6747586486625,46.0,,2,2,SA1015-A95736A-R03-C04,False
5682,9.0,94500001,95000000,500000,68,0.449568,0.989382,0.88026309376725,1.71013303252632,True,True,77.2496319355857,46.0,,2,2,SA1015-A95736A-R03-C04,False
5683,9.0,95000001,95500000,500000,58,0.4187399999999999,0.995043,0.8175247005299,1.58824788314031,True,True,70.94586862318141,46.0,,2,2,SA1015-A95736A-R03-C04,False
5684,9.0,95500001,96000000,500000,106,0.4895100000000001,0.995615,1.22096812323575,2.3720384666714502,True,True,86.81635333695992,46.0,,2,2,SA1015-A95736A-R03-C04,False
5685,9.0,96000001,96500000,500000,86,0.4636399999999999,0.998852,1.06912146156954,2.07703803574016,True,True,80.4398780600164,46.0,,2,2,SA1015-A95736A-R03-C04,False
5686,9.0,96500001,97000000,500000,150,0.437438,0.980845,2.00918892646386,3.90335613984113,True,True,74.65699119893009,46.0,,2,2,SA1015-A95736A-R03-C04,False
5687,9.0,97000001,97500000,500000,68,0.4338,0.997781,0.920065147749292,1.78745855913199,True,True,73.9078098614483,46.0,,2,2,SA1015-A95736A-R03-C04,False
5688,9.0,97500001,98000000,500000,71,0.4296899999999999,0.999631,0.971575364784712,1.88753014487561,True,True,73.07719254052171,46.0,,2,2,SA1015-A95736A-R03-C04,False
5689,9.0,98000001,98500000,500000,91,0.441796,0.989828,1.20415456132389,2.3393738828402,True,True,75.5716939692124,46.0,,2,2,SA1015-A95736A-R03-C04,False
5690,9.0,98500001,99000000,500000,63,0.43082,0.997534,0.8594359163484581,1.66967098847341,True,True,73.3038948007575,46.0,,2,2,SA1015-A95736A-R03-C04,False
5691,9.0,99000001,99500000,500000,79,0.434828,0.997792,1.06586535259298,2.07071222297152,True,True,74.1181799444115,46.0,,2,2,SA1015-A95736A-R03-C04,False
5692,9.0,99500001,100000000,500000,23,0.4142079999999999,0.98665,0.328109790474927,0.637436006302482,True,True,70.098487359089,46.0,,2,2,SA1015-A95736A-R03-C04,False
5693,9.0,100000001,100500000,500000,85,0.43043,0.993657,1.16079765794449,2.25514216486617,True,True,73.2255095608268,46.0,,2,2,SA1015-A95736A-R03-C04,False
5694,9.0,100500001,101000000,500000,99,0.454528,0.998025,1.26353297729724,2.4547314291171296,True,True,78.3517342078128,46.0,,2,2,SA1015-A95736A-R03-C04,False
5695,9.0,101000001,101500000,500000,124,0.4581479999999999,0.994327,1.5662208267944395,3.0427789045079203,True,True,79.1714666786731,46.0,,2,2,SA1015-A95736A-R03-C04,False
5696,9.0,101500001,102000000,500000,95,0.4473439999999999,0.999854,1.23756938463207,2.40429060321615,True,True,76.7633727689891,46.0,,2,2,SA1015-A95736A-R03-C04,False
5697,9.0,102000001,102500000,500000,92,0.408176,0.991758,1.3332911181572802,2.59025420840557,True,True,69.0021847045314,46.0,,2,2,SA1015-A95736A-R03-C04,False
5698,9.0,102500001,103000000,500000,62,0.385656,0.994986,0.950518939585916,1.84662272920142,True,True,65.2275272147756,46.0,,2,2,SA1015-A95736A-R03-C04,False
5699,9.0,103000001,103500000,500000,60,0.401406,0.99052,0.884764489269284,1.71887812839027,True,True,67.81465658680911,46.0,,2,2,SA1015-A95736A-R03-C04,False
5700,9.0,103500001,104000000,500000,66,0.381168,0.98204,1.02269639749417,1.98684564192678,True,True,64.5352815964882,46.0,,2,2,SA1015-A95736A-R03-C04,False
5701,9.0,104000001,104500000,500000,268,0.388728,0.994415,4.0783493132170285,7.92322196408885,True,True,65.7128606251238,46.0,,2,2,SA1015-A95736A-R03-C04,False
5702,9.0,104500001,105000000,500000,75,0.363216,0.988006,1.2103466198403,2.35140351793819,True,True,61.9657202082294,46.0,,2,2,SA1015-A95736A-R03-C04,False
5703,9.0,105000001,105500000,500000,47,0.350642,0.995695,0.778713609557823,1.5128475520691895,True,True,60.3559504073494,46.0,,2,2,SA1015-A95736A-R03-C04,False
5704,9.0,105500001,106000000,500000,48,0.346474,0.992605,0.801912675087839,1.55791758688893,True,True,59.8568915184465,46.0,,2,2,SA1015-A95736A-R03-C04,False
5705,9.0,106000001,106500000,500000,40,0.354448,0.990119,0.657606074262737,1.27756562549244,True,True,60.8266887510814,46.0,,2,2,SA1015-A95736A-R03-C04,False
5706,9.0,106500001,107000000,500000,86,0.359528,0.992091,1.39888927976584,2.7176951789905,True,True,61.477345808523,46.0,,2,2,SA1015-A95736A-R03-C04,False
5707,9.0,107000001,107500000,500000,42,0.372564,0.997746,0.663885393115364,1.28976478579767,True,True,63.2639314489355,46.0,,2,2,SA1015-A95736A-R03-C04,False
5708,9.0,107500001,108000000,500000,121,0.425096,0.999484,1.6766304945638002,3.25727752577188,True,True,72.168554963257,46.0,,2,2,SA1015-A95736A-R03-C04,False
5709,9.0,108000001,108500000,500000,47,0.386924,0.989934,0.718360924958777,1.39559724330893,True,True,65.4267212581156,46.0,,2,2,SA1015-A95736A-R03-C04,False
5710,9.0,108500001,109000000,500000,57,0.393412,0.985258,0.8575187231592241,1.6659463572513795,True,True,66.470851843332,46.0,,2,2,SA1015-A95736A-R03-C04,False
5711,9.0,109000001,109500000,500000,191,0.386002,0.994505,2.92578059753554,5.6840665946323226,True,True,65.2817235034248,46.0,,2,2,SA1015-A95736A-R03-C04,False
5712,9.0,109500001,110000000,500000,63,0.404994,0.998287,0.920536147110374,1.78837359416116,True,True,68.4383771324585,46.0,,2,2,SA1015-A95736A-R03-C04,False
5713,9.0,110000001,110500000,500000,58,0.443412,0.995421,0.7640057796980171,1.48427388374421,True,True,75.9156560607764,46.0,,2,2,SA1015-A95736A-R03-C04,False
5714,9.0,110500001,111000000,500000,191,0.418286,0.995228,2.69545337858705,5.236597891011001,True,True,70.86006440227192,46.0,,2,2,SA1015-A95736A-R03-C04,False
5715,9.0,111000001,111500000,500000,88,0.404228,0.991743,1.28835511296889,2.50295468697094,True,True,68.30414930958939,46.0,,2,2,SA1015-A95736A-R03-C04,False
5716,9.0,111500001,112000000,500000,70,0.41478,0.998339,0.997089679259192,1.93709813459824,True,True,70.2043170800925,46.0,,2,2,SA1015-A95736A-R03-C04,False
5717,9.0,112000001,112500000,500000,84,0.432302,0.998381,1.14125578105956,2.21717714121004,True,True,73.6031320884203,46.0,,2,2,SA1015-A95736A-R03-C04,False
5718,9.0,112500001,113000000,500000,65,0.428684,0.996376,0.8919207353659029,1.73278094099865,True,True,72.8764310803183,46.0,,2,2,SA1015-A95736A-R03-C04,False
5719,9.0,113000001,113500000,500000,68,0.382626,0.986562,1.05006360543967,2.0400133444545903,True,True,64.7579819429393,46.0,,2,2,SA1015-A95736A-R03-C04,False
5720,9.0,113500001,114000000,500000,52,0.381954,0.984932,0.8042678574245771,1.56249312247619,True,True,64.6550766886472,46.0,,2,2,SA1015-A95736A-R03-C04,False
5721,9.0,114000001,114500000,500000,126,0.40279,0.995122,1.85147811603498,3.59696312119636,True,True,68.05373442373421,46.0,,2,2,SA1015-A95736A-R03-C04,False
5722,9.0,114500001,115000000,500000,73,0.414728,0.999547,1.0399648103964398,2.02039388850508,True,True,70.1946828106346,46.0,,2,2,SA1015-A95736A-R03-C04,False
5723,9.0,115000001,115500000,500000,53,0.400532,0.99719,0.7832745153662379,1.5217082617098,True,True,67.66465518824991,46.0,,2,2,SA1015-A95736A-R03-C04,False
5724,9.0,115500001,116000000,500000,54,0.43849,0.941796,0.7211916556289649,1.4010966514512802,True,True,74.8760743119047,46.0,,2,2,SA1015-A95736A-R03-C04,False
5725,9.0,116000001,116500000,500000,94,0.4671479999999999,0.99167,1.1566995443204298,2.24718054574436,True,True,81.26570159170059,46.0,,2,2,SA1015-A95736A-R03-C04,False
5726,9.0,116500001,117000000,500000,120,0.463896,0.99942,1.4906882059127,2.89603774164678,True,True,80.4997312811821,46.0,,2,2,SA1015-A95736A-R03-C04,False
5727,9.0,117000001,117500000,500000,101,0.475066,0.99533,1.21431483209332,2.35911277088998,True,True,83.1744761166173,46.0,,2,2,SA1015-A95736A-R03-C04,False
5728,9.0,117500001,118000000,500000,65,0.413138,0.998439,0.9298813800964928,1.8065290657916,True,True,69.9013889204395,46.0,,2,2,SA1015-A95736A-R03-C04,False
5729,9.0,118000001,118500000,500000,93,0.384346,0.995939,1.43025418343656,2.7786294135495604,True,True,65.0234070817702,46.0,,2,2,SA1015-A95736A-R03-C04,False
5730,9.0,118500001,119000000,500000,87,0.38616,0.99342,1.33217956337626,2.5880947329465296,True,True,65.3065115182431,46.0,,2,2,SA1015-A95736A-R03-C04,False
5731,9.0,119000001,119500000,500000,87,0.417604,0.995712,1.23000269041773,2.38959039163784,True,True,70.7315526037207,46.0,,2,2,SA1015-A95736A-R03-C04,False
5732,9.0,119500001,120000000,500000,89,0.41655,0.99414,1.26180551537274,2.45137539872072,True,True,70.5338492467352,46.0,,2,2,SA1015-A95736A-R03-C04,False
5733,9.0,120000001,120500000,500000,74,0.403828,0.999599,1.08449875992534,2.10691231543617,True,True,68.2342873357403,46.0,,2,2,SA1015-A95736A-R03-C04,False
5734,9.0,120500001,121000000,500000,85,0.377236,0.997642,1.32926349790403,2.58242954043263,True,True,63.9451847839252,46.0,,2,2,SA1015-A95736A-R03-C04,False
5735,9.0,121000001,121500000,500000,65,0.373446,0.99756,1.0253839870686998,1.99206696239542,True,True,63.39088655540439,46.0,,2,2,SA1015-A95736A-R03-C04,False
5736,9.0,121500001,122000000,500000,83,0.379596,0.990933,1.29087392089754,2.5078481065313905,True,True,64.2975263938171,46.0,,2,2,SA1015-A95736A-R03-C04,False
5737,9.0,122000001,122500000,500000,144,0.402182,0.991992,2.11925293992238,4.11718324044385,True,True,67.948472448633,46.0,,2,2,SA1015-A95736A-R03-C04,False
5738,9.0,122500001,123000000,500000,62,0.42531,0.991185,0.858601876146863,1.6680506550648,True,True,72.2104175665637,46.0,,2,2,SA1015-A95736A-R03-C04,False
5739,9.0,123000001,123500000,500000,64,0.427112,0.993889,0.881971263196799,1.71345158238637,True,True,72.56472253758601,46.0,,2,2,SA1015-A95736A-R03-C04,False
5740,9.0,123500001,124000000,500000,47,0.416828,0.999219,0.6658554741044139,1.29359216490737,True,True,70.58588812116591,46.0,,2,2,SA1015-A95736A-R03-C04,False
5741,9.0,124000001,124500000,500000,83,0.4764100000000001,0.99592,0.9939568211114372,1.93101176764429,True,True,83.504633437889,46.0,,2,2,SA1015-A95736A-R03-C04,False
5742,9.0,124500001,125000000,500000,89,0.470726,0.998685,1.08377251132384,2.10550139439217,True,True,82.1205548859007,46.0,,2,2,SA1015-A95736A-R03-C04,False
5743,9.0,125000001,125500000,500000,78,0.4104939999999999,0.990717,1.12360822270113,2.18289230897538,True,True,69.41921429917039,46.0,,2,2,SA1015-A95736A-R03-C04,False
5744,9.0,125500001,126000000,500000,60,0.400766,0.996188,0.886200856450265,1.72166863384305,True,True,67.70474160940661,46.0,,2,2,SA1015-A95736A-R03-C04,False
5745,9.0,126000001,126500000,500000,115,0.4562279999999999,0.997456,1.4605942655915,2.8375726738885496,True,True,78.7350756532159,46.0,,2,2,SA1015-A95736A-R03-C04,False
5746,9.0,126500001,127000000,500000,75,0.4414979999999999,0.994507,0.993265031766011,1.92966779239468,True,True,75.5085476699518,46.0,,2,2,SA1015-A95736A-R03-C04,False
5747,9.0,127000001,127500000,500000,124,0.46898,0.999545,1.51771407974878,2.948542316594,True,True,81.7018183164808,46.0,,2,2,SA1015-A95736A-R03-C04,False
5748,9.0,127500001,128000000,500000,54,0.444304,0.99712,0.709530883325361,1.37844266079513,True,True,76.106623783475,46.0,,2,2,SA1015-A95736A-R03-C04,False
5749,9.0,128000001,128500000,500000,66,0.436878,0.996665,0.8854209497797599,1.72015346846924,True,True,74.5408158869709,46.0,,2,2,SA1015-A95736A-R03-C04,False
5750,9.0,128500001,129000000,500000,115,0.435012,0.998628,1.55078600035175,3.01279286199648,True,True,74.15594413021229,46.0,,2,2,SA1015-A95736A-R03-C04,False
5751,9.0,129000001,129500000,500000,145,0.483832,0.998534,1.69868640067209,3.30012668514839,True,True,85.3600758460363,46.0,,2,2,SA1015-A95736A-R03-C04,False
5752,9.0,129500001,130000000,500000,132,0.46155,0.99597,1.65095631965556,3.20739896684523,True,True,79.95365984457959,46.0,,2,2,SA1015-A95736A-R03-C04,False
5753,9.0,130000001,130500000,500000,148,0.484314,0.999773,1.73134937122885,3.3635827419626003,True,True,85.4824580523313,46.0,,2,2,SA1015-A95736A-R03-C04,False
5754,9.0,130500001,131000000,500000,85,0.5324800000000001,0.999215,0.859697382934722,1.6701789532503502,True,True,98.872000412329,46.0,,2,2,SA1015-A95736A-R03-C04,False
5755,9.0,131000001,131500000,500000,85,0.507532,0.999083,0.9274410993606308,1.80178820510508,True,True,91.6500250620748,46.0,,2,2,SA1015-A95736A-R03-C04,False
5756,9.0,131500001,132000000,500000,107,0.52071,0.999607,1.12173409472297,2.17925134278546,True,True,95.38802511519044,46.0,,2,2,SA1015-A95736A-R03-C04,False
5757,9.0,132000001,132500000,500000,78,0.530384,0.999579,0.7939615203722971,1.54247046383896,True,True,98.2415368989482,46.0,,2,2,SA1015-A95736A-R03-C04,False
5758,9.0,132500001,133000000,500000,104,0.48405,0.999515,1.21757905074338,2.36545433874438,True,True,85.4153986441406,46.0,,2,2,SA1015-A95736A-R03-C04,False
5759,9.0,133000001,133500000,500000,90,-1.0,0.699005,,,False,False,,,,2,2,SA1015-A95736A-R03-C04,True
5760,9.0,133500001,134000000,500000,515,0.506668,0.999428,5.6338981360143,10.9452678097101,True,False,91.41095340504992,46.0,,2,2,SA1015-A95736A-R03-C04,False
5761,9.0,134000001,134500000,500000,79,0.4929,0.997596,0.9007876102978092,1.7500070814829,True,True,87.701028629692,46.0,,2,2,SA1015-A95736A-R03-C04,False
5762,9.0,134500001,135000000,500000,78,0.46252,0.998972,0.972825939233271,1.88995970109494,True,True,80.1787831248367,46.0,,2,2,SA1015-A95736A-R03-C04,False
5763,9.0,135000001,135500000,500000,98,0.48503,0.995369,1.14399541961378,2.2224995799467404,True,True,85.66467865149801,46.0,,2,2,SA1015-A95736A-R03-C04,False
5764,9.0,135500001,136000000,500000,74,0.480112,0.993731,0.8765354003702172,1.7028910481031,True,True,84.4232873752105,46.0,,2,2,SA1015-A95736A-R03-C04,False
5765,9.0,136000001,136500000,500000,299,0.539308,0.965305,2.96168676332881,5.7538233760187305,True,False,100.955983496356,46.0,,2,2,SA1015-A95736A-R03-C04,False
5766,9.0,136500001,137000000,500000,70,0.5507340000000001,0.988998,0.669558023639663,1.30078530103863,True,True,104.546577784978,46.0,,2,2,SA1015-A95736A-R03-C04,False
5767,9.0,137000001,137500000,500000,118,-1.0,0.893805,,,False,False,,,,2,2,SA1015-A95736A-R03-C04,True
5768,9.0,137500001,138000000,500000,162,0.533092,0.997434,1.63542357257016,3.1772226887930097,True,True,99.0569065513763,46.0,,2,2,SA1015-A95736A-R03-C04,False
5769,9.0,138000001,138500000,500000,163,0.531846,0.998555,1.6517897767795402,3.2090181674785296,True,True,98.6808383799287,46.0,,2,2,SA1015-A95736A-R03-C04,False
5770,9.0,138500001,139000000,500000,107,0.5446340000000001,0.981857,1.04274693499322,2.02579886709301,True,True,102.613583803721,46.0,,2,2,SA1015-A95736A-R03-C04,False
5771,9.0,139000001,139500000,500000,384,-1.0,0.898183,,,False,False,,,,2,2,SA1015-A95736A-R03-C04,True
5772,9.0,139500001,140000000,500000,104,0.5897939999999999,0.999671,0.882872582436236,1.7152026222915102,True,True,117.797292688621,46.0,,2,2,SA1015-A95736A-R03-C04,False
5773,9.0,140000001,140500000,500000,81,0.582152,0.994082,0.7038217067923531,1.36735114571657,True,True,115.085964553658,46.0,,2,2,SA1015-A95736A-R03-C04,False
5774,9.0,140500001,141000000,500000,78,0.4974560000000001,0.992883,0.8773122494439979,1.70440027332425,True,True,88.90791169214029,46.0,,2,2,SA1015-A95736A-R03-C04,False
5775,9.0,141000001,141500000,500000,9,-1.0,0.578873,,,False,False,,,,2,2,SA1015-A95736A-R03-C04,True
