,chr,start,end,width,reads,gc,map,cor_gc,copy,valid,ideal,modal_curve,modal_quantile,cor_map,multiplier,state,cell_id,is_low_mappability
3793,4.0,1,500000,500000,53,-1.0,0.976791,,,False,False,,,,2,2,SA1015-A95736A-R03-C04,False
3794,4.0,500001,1000000,500000,117,0.550962,0.993163,1.11833791454298,2.17265340638287,True,True,104.619541623798,46.0,,2,2,SA1015-A95736A-R03-C04,False
3795,4.0,1000001,1500000,500000,125,-1.0,0.884108,,,False,False,,,,2,2,SA1015-A95736A-R03-C04,True
3796,4.0,1500001,2000000,500000,92,0.5532199999999999,0.995599,0.87332166888896,1.69664756430527,True,True,105.344918461765,46.0,,2,2,SA1015-A95736A-R03-C04,False
3797,4.0,2000001,2500000,500000,144,0.49926,0.997785,1.61089194727823,3.1295638206088,True,True,89.39147051005051,46.0,,2,2,SA1015-A95736A-R03-C04,False
3798,4.0,2500001,3000000,500000,106,0.48333,0.998186,1.24365180180085,2.4161072323484905,True,True,85.2328600710494,46.0,,2,2,SA1015-A95736A-R03-C04,False
3799,4.0,3000001,3500000,500000,104,0.498622,0.998309,1.16565678044488,2.2645822356312,True,True,89.2200875461022,46.0,,2,2,SA1015-A95736A-R03-C04,False
3800,4.0,3500001,4000000,500000,75,0.534538,0.991244,0.753804710309464,1.4644557340887498,True,True,99.4952657820483,46.0,,2,2,SA1015-A95736A-R03-C04,False
3801,4.0,4000001,4500000,500000,48,0.459338,0.991768,0.6042009314936179,1.17381266867428,True,True,79.44377027248429,46.0,,2,2,SA1015-A95736A-R03-C04,False
3802,4.0,4500001,5000000,500000,123,0.4559539999999999,0.995698,1.56343153250261,3.03735999697938,True,True,78.6730966101932,46.0,,2,2,SA1015-A95736A-R03-C04,False
3803,4.0,5000001,5500000,500000,46,0.429422,0.986034,0.6299332377753629,1.22380416245276,True,True,73.02361145833649,46.0,,2,2,SA1015-A95736A-R03-C04,False
3804,4.0,5500001,6000000,500000,125,0.46806,0.990128,1.53407375935015,2.9803251195831697,True,True,81.4823923805015,46.0,,2,2,SA1015-A95736A-R03-C04,False
3805,4.0,6000001,6500000,500000,110,0.508552,0.999655,1.19652077343747,2.3245433248850897,True,True,91.9332137326644,46.0,,2,2,SA1015-A95736A-R03-C04,False
3806,4.0,6500001,7000000,500000,133,0.488666,0.996159,1.53583459688923,2.98374599052712,True,True,86.59786689880909,46.0,,2,2,SA1015-A95736A-R03-C04,False
3807,4.0,7000001,7500000,500000,110,0.52637,0.996955,1.13347967846883,2.2020701010548,True,True,97.0462921299078,46.0,,2,2,SA1015-A95736A-R03-C04,False
3808,4.0,7500001,8000000,500000,127,0.506196,0.997838,1.3913133161107,2.70297695918598,True,True,91.2806616090024,46.0,,2,2,SA1015-A95736A-R03-C04,False
3809,4.0,8000001,8500000,500000,126,0.53487,0.999387,1.26510844727098,2.45779217682189,True,True,99.5962047931941,46.0,,2,2,SA1015-A95736A-R03-C04,False
3810,4.0,8500001,9000000,500000,176,-1.0,0.942817,,,False,False,,,,2,2,SA1015-A95736A-R03-C04,False
3811,4.0,9000001,9500000,500000,13,-1.0,0.704444,,,False,False,,,,2,2,SA1015-A95736A-R03-C04,True
3812,4.0,9500001,10000000,500000,57,0.45691,0.994725,0.7225280808829809,1.40369299450892,True,True,78.8896674165825,46.0,,2,2,SA1015-A95736A-R03-C04,False
3813,4.0,10000001,10500000,500000,72,0.450366,0.998191,0.929928567318771,1.80662073886992,True,True,77.42530182462829,46.0,,2,2,SA1015-A95736A-R03-C04,False
3814,4.0,10500001,11000000,500000,70,0.403498,0.990894,1.02674267975098,1.99470656554757,True,True,68.1767704611026,46.0,,2,2,SA1015-A95736A-R03-C04,False
3815,4.0,11000001,11500000,500000,98,0.400632,0.978707,1.44795247285433,2.81301280365969,True,True,67.6817795040011,46.0,,2,2,SA1015-A95736A-R03-C04,False
3816,4.0,11500001,12000000,500000,86,0.379006,0.992166,1.33937768469612,2.6020788987355696,True,True,64.20892402691628,46.0,,2,2,SA1015-A95736A-R03-C04,False
3817,4.0,12000001,12500000,500000,53,0.368066,0.99072,0.846260512865844,1.64407444481275,True,True,62.628468650293705,46.0,,2,2,SA1015-A95736A-R03-C04,False
3818,4.0,12500001,13000000,500000,84,0.377828,0.990164,1.31182255330618,2.54854610752895,True,True,64.0330506502539,46.0,,2,2,SA1015-A95736A-R03-C04,False
3819,4.0,13000001,13500000,500000,98,0.39015,0.995924,1.4861842399450902,2.88728765200525,True,True,65.9406804122891,46.0,,2,2,SA1015-A95736A-R03-C04,False
3820,4.0,13500001,14000000,500000,51,0.406264,0.994445,0.742766741115524,1.44301169552321,True,True,68.66220197663361,46.0,,2,2,SA1015-A95736A-R03-C04,False
3821,4.0,14000001,14500000,500000,90,0.38591,0.987463,1.37894471078823,2.67894782439888,True,True,65.2673013616004,46.0,,2,2,SA1015-A95736A-R03-C04,False
3822,4.0,14500001,15000000,500000,50,0.3917739999999999,0.984842,0.755249228645799,1.46726207521624,True,True,66.2033115739192,46.0,,2,2,SA1015-A95736A-R03-C04,False
3823,4.0,15000001,15500000,500000,78,0.393946,0.989664,1.17189883772128,2.27670900592848,True,True,66.55864609582561,46.0,,2,2,SA1015-A95736A-R03-C04,False
3824,4.0,15500001,16000000,500000,56,0.4108779999999999,0.988565,0.805885113325308,1.5656350498811498,True,True,69.48881307526361,46.0,,2,2,SA1015-A95736A-R03-C04,False
3825,4.0,16000001,16500000,500000,73,0.409082,0.995901,1.05545399864871,2.05048554253985,True,True,69.1645491830639,46.0,,2,2,SA1015-A95736A-R03-C04,False
3826,4.0,16500001,17000000,500000,100,0.402726,0.989049,1.46966673305663,2.8551982297121503,True,True,68.04263698071101,46.0,,2,2,SA1015-A95736A-R03-C04,False
3827,4.0,17000001,17500000,500000,97,0.408952,0.999026,1.4029261470253998,2.72553781160497,True,True,69.1412019126365,46.0,,2,2,SA1015-A95736A-R03-C04,False
3828,4.0,17500001,18000000,500000,40,0.40683,0.995629,0.58171268440097,1.13012357791374,True,True,68.7624682641926,46.0,,2,2,SA1015-A95736A-R03-C04,False
3829,4.0,18000001,18500000,500000,60,0.383166,0.994169,0.925340481634886,1.79770722546736,True,True,64.8409976552548,46.0,,2,2,SA1015-A95736A-R03-C04,False
3830,4.0,18500001,19000000,500000,84,0.370052,0.995842,1.33531352651842,2.59418324663077,True,True,62.9065746222268,46.0,,2,2,SA1015-A95736A-R03-C04,False
3831,4.0,19000001,19500000,500000,64,0.361182,0.983625,1.03736613383933,2.01534530399366,True,True,61.694707309495,46.0,,2,2,SA1015-A95736A-R03-C04,False
3832,4.0,19500001,20000000,500000,46,0.366992,0.991996,0.736239131948487,1.4303301686717298,True,True,62.47969987449471,46.0,,2,2,SA1015-A95736A-R03-C04,False
3833,4.0,20000001,20500000,500000,75,0.36215,0.999274,1.21313732392855,2.35682516435177,True,True,61.823174112824105,46.0,,2,2,SA1015-A95736A-R03-C04,False
3834,4.0,20500001,21000000,500000,148,0.380636,0.994072,2.29619179933794,4.4609315929155,True,True,64.45454601948879,46.0,,2,2,SA1015-A95736A-R03-C04,False
3835,4.0,21000001,21500000,500000,58,0.377136,0.98456,0.907236948584978,1.7625365474129298,True,True,63.9303768331558,46.0,,2,2,SA1015-A95736A-R03-C04,False
3836,4.0,21500001,22000000,500000,80,0.374996,0.997518,1.25754804537544,2.44310418965956,True,True,63.61585968360829,46.0,,2,2,SA1015-A95736A-R03-C04,False
3837,4.0,22000001,22500000,500000,49,0.38209,0.990485,0.757624173063743,1.47187600362957,True,True,64.6758666659879,46.0,,2,2,SA1015-A95736A-R03-C04,False
3838,4.0,22500001,23000000,500000,76,0.38878,0.996679,1.15640083427861,2.24660022616346,True,True,65.721156321554,46.0,,2,2,SA1015-A95736A-R03-C04,False
3839,4.0,23000001,23500000,500000,58,0.365678,0.998331,0.9309904901997528,1.80868379184762,True,True,62.2992400143159,46.0,,2,2,SA1015-A95736A-R03-C04,False
3840,4.0,23500001,24000000,500000,72,0.38113,0.986655,1.11576866222716,2.16766198587997,True,True,64.52950547677379,46.0,,2,2,SA1015-A95736A-R03-C04,False
3841,4.0,24000001,24500000,500000,96,0.4114680000000001,0.999216,1.37938896264068,2.67981089564771,True,True,69.5960331712523,46.0,,2,2,SA1015-A95736A-R03-C04,False
3842,4.0,24500001,25000000,500000,114,0.42211,0.997048,1.59241974973731,3.0936769188157403,True,True,71.58916486611359,46.0,,2,2,SA1015-A95736A-R03-C04,False
3843,4.0,25000001,25500000,500000,103,0.416972,0.999448,1.45865753312491,2.8338100826931103,True,True,70.61287359161079,46.0,,2,2,SA1015-A95736A-R03-C04,False
3844,4.0,25500001,26000000,500000,78,0.44769,0.999148,1.01511346299556,1.97211387950102,True,True,76.8387011337873,46.0,,2,2,SA1015-A95736A-R03-C04,False
3845,4.0,26000001,26500000,500000,93,0.4231439999999999,0.997364,1.2954667304036,2.5167707971497,True,True,71.7887984441145,46.0,,2,2,SA1015-A95736A-R03-C04,False
3846,4.0,26500001,27000000,500000,80,0.382108,0.988062,1.23688477628864,2.4029605788737403,True,True,64.67861965287129,46.0,,2,2,SA1015-A95736A-R03-C04,False
3847,4.0,27000001,27500000,500000,67,0.395502,0.986814,1.00275269197186,1.94809996481483,True,True,66.816075924212,46.0,,2,2,SA1015-A95736A-R03-C04,False
3848,4.0,27500001,28000000,500000,44,0.35416,0.999666,0.7237965130058349,1.4061572437636798,True,True,60.79056642214751,46.0,,2,2,SA1015-A95736A-R03-C04,False
3849,4.0,28000001,28500000,500000,59,0.356796,0.999382,0.965247017314384,1.87523573411712,True,True,61.1242500019905,46.0,,2,2,SA1015-A95736A-R03-C04,False
3850,4.0,28500001,29000000,500000,65,0.353624,0.998415,1.07042477071985,2.07957004241557,True,True,60.7235573932845,46.0,,2,2,SA1015-A95736A-R03-C04,False
3851,4.0,29000001,29500000,500000,59,0.343182,0.998339,0.99201547893967,1.92724022093412,True,True,59.4748784192995,46.0,,2,2,SA1015-A95736A-R03-C04,False
3852,4.0,29500001,30000000,500000,88,0.34379,0.997344,1.4778831930331695,2.8711607751327097,True,True,59.5446246461408,46.0,,2,2,SA1015-A95736A-R03-C04,False
3853,4.0,30000001,30500000,500000,45,0.34789,0.998884,0.7496937704533041,1.45646919677675,True,True,60.024508370652,46.0,,2,2,SA1015-A95736A-R03-C04,False
3854,4.0,30500001,31000000,500000,102,0.36055,0.99781,1.65553957773725,3.21630310141316,True,True,61.6113328679288,46.0,,2,2,SA1015-A95736A-R03-C04,False
3855,4.0,31000001,31500000,500000,63,0.355702,0.998799,1.0330421207606302,2.00694481821695,True,True,60.9849286238327,46.0,,2,2,SA1015-A95736A-R03-C04,False
3856,4.0,31500001,32000000,500000,60,-1.0,0.964928,,,False,False,,,,2,2,SA1015-A95736A-R03-C04,False
3857,4.0,32000001,32500000,500000,62,0.3493739999999999,0.994332,1.0298608989928102,2.00076449273532,True,True,60.2023050497746,46.0,,2,2,SA1015-A95736A-R03-C04,False
3858,4.0,32500001,33000000,500000,66,-1.0,0.984303,,,False,False,,,,2,2,SA1015-A95736A-R03-C04,False
3859,4.0,33000001,33500000,500000,36,0.348584,0.998779,0.598928073803695,1.16356881297341,True,True,60.1073844666687,46.0,,2,2,SA1015-A95736A-R03-C04,False
3860,4.0,33500001,34000000,500000,81,0.348582,0.999016,1.34759353606637,2.61804026178496,True,True,60.1071449455295,46.0,,2,2,SA1015-A95736A-R03-C04,False
3861,4.0,34000001,34500000,500000,62,0.343746,0.998883,1.04132437087078,2.0230351775621203,True,True,59.539564937056106,46.0,,2,2,SA1015-A95736A-R03-C04,False
3862,4.0,34500001,35000000,500000,52,0.341622,0.996604,0.876932646322406,1.70366279853736,True,True,59.297598530597,46.0,,2,2,SA1015-A95736A-R03-C04,False
3863,4.0,35000001,35500000,500000,58,0.34873,0.99781,0.964658886650021,1.87409314199473,True,True,60.124880206533,46.0,,2,2,SA1015-A95736A-R03-C04,False
3864,4.0,35500001,36000000,500000,54,0.350624,0.995248,0.894724730078389,1.73822840780125,True,True,60.3537581835577,46.0,,2,2,SA1015-A95736A-R03-C04,False
3865,4.0,36000001,36500000,500000,84,0.36277,0.997888,1.3568971673139598,2.63611491154775,True,True,61.905943960574206,46.0,,2,2,SA1015-A95736A-R03-C04,False
3866,4.0,36500001,37000000,500000,42,0.366358,0.996745,0.673158745744614,1.30778061170907,True,True,62.3924152594077,46.0,,2,2,SA1015-A95736A-R03-C04,False
3867,4.0,37000001,37500000,500000,152,0.383162,0.993503,2.3442181569921603,4.55423490329843,True,True,64.8403816626987,46.0,,2,2,SA1015-A95736A-R03-C04,False
3868,4.0,37500001,38000000,500000,113,0.420322,0.996586,1.58604382701327,3.081290081130029,True,True,71.24645490584821,46.0,,2,2,SA1015-A95736A-R03-C04,False
3869,4.0,38000001,38500000,500000,84,0.42243,0.997814,1.17235202178717,2.27758943025432,True,True,71.6508339124522,46.0,,2,2,SA1015-A95736A-R03-C04,False
3870,4.0,38500001,39000000,500000,61,0.419192,0.998587,0.858773953569798,1.66838495885101,True,True,71.03149757445699,46.0,,2,2,SA1015-A95736A-R03-C04,False
3871,4.0,39000001,39500000,500000,58,0.396654,0.995666,0.865565565274653,1.6815793772048,True,True,67.0082109627316,46.0,,2,2,SA1015-A95736A-R03-C04,False
3872,4.0,39500001,40000000,500000,40,0.42116,0.997402,0.560171664599189,1.08827471502472,True,True,71.4066821438042,46.0,,2,2,SA1015-A95736A-R03-C04,False
3873,4.0,40000001,40500000,500000,79,-1.0,0.997317,,,False,False,,,,2,2,SA1015-A95736A-R03-C04,False
3874,4.0,40500001,41000000,500000,62,0.433386,0.997101,0.8398422875481669,1.6316054236716002,True,True,73.8233843654177,46.0,,2,2,SA1015-A95736A-R03-C04,False
3875,4.0,41000001,41500000,500000,48,0.411868,0.995501,0.6889729229620161,1.33850363875995,True,True,69.6689207953769,46.0,,2,2,SA1015-A95736A-R03-C04,False
3876,4.0,41500001,42000000,500000,101,0.403474,0.998352,1.48153381876371,2.87825303617988,True,True,68.1725916214867,46.0,,2,2,SA1015-A95736A-R03-C04,False
3877,4.0,42000001,42500000,500000,86,0.407368,0.998979,1.24894586774533,2.42639229043184,True,True,68.8580684087232,46.0,,2,2,SA1015-A95736A-R03-C04,False
3878,4.0,42500001,43000000,500000,42,0.376872,0.997042,0.657366172695367,1.27709955620268,True,True,63.8913314139506,46.0,,2,2,SA1015-A95736A-R03-C04,False
3879,4.0,43000001,43500000,500000,62,0.36144,0.990331,1.00439248782695,1.95128568176496,True,True,61.728856748162094,46.0,,2,2,SA1015-A95736A-R03-C04,False
3880,4.0,43500001,44000000,500000,78,0.355636,0.992534,1.27918003599702,2.48512978630582,True,True,60.976561394819896,46.0,,2,2,SA1015-A95736A-R03-C04,False
3881,4.0,44000001,44500000,500000,114,0.358104,0.994923,1.8599375745222,3.61339775250003,True,True,61.2923796806919,46.0,,2,2,SA1015-A95736A-R03-C04,False
3882,4.0,44500001,45000000,500000,67,0.363582,0.995345,1.08038514779778,2.09892058656312,True,True,62.01492137926021,46.0,,2,2,SA1015-A95736A-R03-C04,False
3883,4.0,45000001,45500000,500000,55,0.351522,0.997505,0.9096394443986908,1.76720400136009,True,True,60.463516988708896,46.0,,2,2,SA1015-A95736A-R03-C04,False
3884,4.0,45500001,46000000,500000,40,0.354028,0.994588,0.658175784403406,1.27867243110251,True,True,60.7740377994269,46.0,,2,2,SA1015-A95736A-R03-C04,False
3885,4.0,46000001,46500000,500000,61,0.351802,0.990561,1.00829940319555,1.95887585006172,True,True,60.49790350631579,46.0,,2,2,SA1015-A95736A-R03-C04,False
3886,4.0,46500001,47000000,500000,48,0.363708,0.993227,0.773795540716307,1.50329296317223,True,True,62.03189017549279,46.0,,2,2,SA1015-A95736A-R03-C04,False
3887,4.0,47000001,47500000,500000,58,0.367582,0.995914,0.9270909409589948,1.8011079341116798,True,True,62.5612843762706,46.0,,2,2,SA1015-A95736A-R03-C04,False
3888,4.0,47500001,48000000,500000,74,0.379802,0.998041,1.15034471780691,2.23483469276736,True,True,64.32854330924211,46.0,,2,2,SA1015-A95736A-R03-C04,False
3889,4.0,48000001,48500000,500000,60,0.398936,0.982141,0.890304260627045,1.7296405311976102,True,True,67.39269107590451,46.0,,2,2,SA1015-A95736A-R03-C04,False
3890,4.0,48500001,49000000,500000,52,0.3864800000000001,0.992392,0.795632700950183,1.5457171535273,True,True,65.35679081302101,46.0,,2,2,SA1015-A95736A-R03-C04,False
3891,4.0,49000001,49500000,500000,4,-1.0,0.649601,,,False,False,,,,2,2,SA1015-A95736A-R03-C04,True
3892,4.0,49500001,50000000,500000,8,-1.0,0.295844,,,False,False,,,,2,2,SA1015-A95736A-R03-C04,True
3893,4.0,50000001,50500000,500000,0,-1.0,0.0,,,False,False,,,,2,2,SA1015-A95736A-R03-C04,True
3894,4.0,50500001,51000000,500000,0,-1.0,0.0,,,False,False,,,,2,2,SA1015-A95736A-R03-C04,True
3895,4.0,51000001,51500000,500000,0,-1.0,0.0,,,False,False,,,,2,2,SA1015-A95736A-R03-C04,True
3896,4.0,51500001,52000000,500000,0,-1.0,0.0,,,False,False,,,,2,2,SA1015-A95736A-R03-C04,True
3897,4.0,52000001,52500000,500000,0,-1.0,0.0,,,False,False,,,,2,2,SA1015-A95736A-R03-C04,True
3898,4.0,52500001,53000000,500000,52,-1.0,0.648976,,,False,False,,,,2,2,SA1015-A95736A-R03-C04,True
3899,4.0,53000001,53500000,500000,61,0.400982,0.982208,0.9004780901039641,1.7494057604557198,True,True,67.7417925770491,46.0,,2,2,SA1015-A95736A-R03-C04,False
3900,4.0,53500001,54000000,500000,73,0.413944,0.989072,1.04211646411027,2.02457401841922,True,True,70.049752128545,46.0,,2,2,SA1015-A95736A-R03-C04,False
3901,4.0,54000001,54500000,500000,90,0.394024,0.983683,1.35193000974511,2.62646495541939,True,True,66.5714936063656,46.0,,2,2,SA1015-A95736A-R03-C04,False
3902,4.0,54500001,55000000,500000,51,0.4075,0.989174,0.7404012639425509,1.43841615962055,True,True,68.88156798710871,46.0,,2,2,SA1015-A95736A-R03-C04,False
3903,4.0,55000001,55500000,500000,116,0.4215600000000001,0.995256,1.6227541906199,3.15260921956065,True,True,71.4834080666815,46.0,,2,2,SA1015-A95736A-R03-C04,False
3904,4.0,55500001,56000000,500000,58,0.4022199999999999,0.992349,0.8535054866895979,1.65814963340525,True,True,67.9550405996316,46.0,,2,2,SA1015-A95736A-R03-C04,False
3905,4.0,56000001,56500000,500000,45,0.393042,0.990602,0.67760689399802,1.3164222613653898,True,True,66.4101861988014,46.0,,2,2,SA1015-A95736A-R03-C04,False
3906,4.0,56500001,57000000,500000,62,0.390462,0.995951,0.939522995604382,1.82526033520833,True,True,65.9909340059487,46.0,,2,2,SA1015-A95736A-R03-C04,False
3907,4.0,57000001,57500000,500000,71,0.405308,0.993512,1.03659368572556,2.0138446287471004,True,True,68.493567901973,46.0,,2,2,SA1015-A95736A-R03-C04,False
3908,4.0,57500001,58000000,500000,48,0.43537,0.99839,0.6466430402136829,1.25626716734197,True,True,74.22951615490729,46.0,,2,2,SA1015-A95736A-R03-C04,False
3909,4.0,58000001,58500000,500000,60,0.399532,0.986986,0.8889684802969471,1.72704544106731,True,True,67.4939565685815,46.0,,2,2,SA1015-A95736A-R03-C04,False
3910,4.0,58500001,59000000,500000,90,0.364882,0.987736,1.44716050892441,2.8114742140190296,True,True,62.1907517825315,46.0,,2,2,SA1015-A95736A-R03-C04,False
3911,4.0,59000001,59500000,500000,69,0.359582,0.994172,1.12223589365769,2.18022621375304,True,True,61.48439948316871,46.0,,2,2,SA1015-A95736A-R03-C04,False
3912,4.0,59500001,60000000,500000,62,-1.0,0.8874549999999999,,,False,False,,,,2,2,SA1015-A95736A-R03-C04,True
3913,4.0,60000001,60500000,500000,101,0.350636,0.991291,1.6734261033001998,3.25105218770215,True,True,60.355219630443,46.0,,2,2,SA1015-A95736A-R03-C04,False
3914,4.0,60500001,61000000,500000,76,0.344926,0.994563,1.27354549514077,2.4741832698499904,True,True,59.6759207189527,46.0,,2,2,SA1015-A95736A-R03-C04,False
3915,4.0,61000001,61500000,500000,48,0.349552,0.996838,0.797027386527087,1.54842668195344,True,True,60.223777515540505,46.0,,2,2,SA1015-A95736A-R03-C04,False
3916,4.0,61500001,62000000,500000,77,0.3539739999999999,0.992994,1.26712926189855,2.4617181188177404,True,True,60.7672810622576,46.0,,2,2,SA1015-A95736A-R03-C04,False
3917,4.0,62000001,62500000,500000,71,0.350964,0.996034,1.17558970335424,2.28387944313326,True,True,60.3952210515453,46.0,,2,2,SA1015-A95736A-R03-C04,False
3918,4.0,62500001,63000000,500000,68,0.35567,0.982928,1.11510377942374,2.16637028337316,True,True,60.980871246926,46.0,,2,2,SA1015-A95736A-R03-C04,False
3919,4.0,63000001,63500000,500000,44,0.3614679999999999,0.994072,0.712751830079486,1.3847001620799602,True,True,61.732566853028096,46.0,,2,2,SA1015-A95736A-R03-C04,False
3920,4.0,63500001,64000000,500000,70,0.34544,0.990018,1.17182764153778,2.27657068938873,True,True,59.7357474074768,46.0,,2,2,SA1015-A95736A-R03-C04,False
3921,4.0,64000001,64500000,500000,60,0.347684,0.991003,0.999999999319365,1.94275216520042,True,True,60.000000040838096,46.0,,2,2,SA1015-A95736A-R03-C04,False
3922,4.0,64500001,65000000,500000,69,0.3362739999999999,0.99617,1.17530559787063,2.2833274965894503,True,False,58.7081352501097,46.0,,2,2,SA1015-A95736A-R03-C04,False
3923,4.0,65000001,65500000,500000,66,0.345196,0.997749,1.10539220308097,2.1475030973928897,True,True,59.7073145767117,46.0,,2,2,SA1015-A95736A-R03-C04,False
3924,4.0,65500001,66000000,500000,68,0.35017,0.985484,1.12772157448443,2.19088353206405,True,True,60.2985715078547,46.0,,2,2,SA1015-A95736A-R03-C04,False
3925,4.0,66000001,66500000,500000,138,0.339924,0.987812,2.33473404216343,4.53580961866736,True,True,59.1073747621058,46.0,,2,2,SA1015-A95736A-R03-C04,False
3926,4.0,66500001,67000000,500000,46,0.349136,0.993264,0.7644542889841579,1.4851452261315603,True,True,60.1736436865662,46.0,,2,2,SA1015-A95736A-R03-C04,False
3927,4.0,67000001,67500000,500000,58,0.347246,0.996857,0.967504691298258,1.87962183514059,True,True,59.9480297322093,46.0,,2,2,SA1015-A95736A-R03-C04,False
3928,4.0,67500001,68000000,500000,56,0.357736,0.994206,0.914361760837994,1.77637829185355,True,True,61.2449058988175,46.0,,2,2,SA1015-A95736A-R03-C04,False
3929,4.0,68000001,68500000,500000,51,0.37845,0.99342,0.7953124225537328,1.5450949319787,True,True,64.12574298316629,46.0,,2,2,SA1015-A95736A-R03-C04,False
3930,4.0,68500001,69000000,500000,58,0.368058,0.988493,0.926112859362169,1.7992077639704098,True,True,62.62735628133449,46.0,,2,2,SA1015-A95736A-R03-C04,False
3931,4.0,69000001,69500000,500000,52,0.374496,0.983779,0.8183431257391779,1.58983788048877,True,True,63.5430278137064,46.0,,2,2,SA1015-A95736A-R03-C04,False
3932,4.0,69500001,70000000,500000,39,0.356508,0.996413,0.638428920954735,1.24030916935558,True,True,61.0874581647674,46.0,,2,2,SA1015-A95736A-R03-C04,False
3933,4.0,70000001,70500000,500000,24,0.353054,0.990302,0.3956960805302941,0.7687394177347792,True,True,60.6526098712838,46.0,,2,2,SA1015-A95736A-R03-C04,False
3934,4.0,70500001,71000000,500000,237,0.3537,0.992562,3.90232391899299,7.58124824809708,True,True,60.7330413670936,46.0,,2,2,SA1015-A95736A-R03-C04,False
3935,4.0,71000001,71500000,500000,82,0.364108,0.987096,1.3207515422061,2.56589292005913,True,True,62.085863525120295,46.0,,2,2,SA1015-A95736A-R03-C04,False
3936,4.0,71500001,72000000,500000,76,0.403552,0.986326,1.11459544507502,2.16538271571586,True,True,68.1861749353233,46.0,,2,2,SA1015-A95736A-R03-C04,False
3937,4.0,72000001,72500000,500000,59,0.376284,0.995446,0.924698007411733,1.7964590572783898,True,True,63.8046146169855,46.0,,2,2,SA1015-A95736A-R03-C04,False
3938,4.0,72500001,73000000,500000,46,0.368054,0.995421,0.7345098250494342,1.42697055394702,True,True,62.6268001206166,46.0,,2,2,SA1015-A95736A-R03-C04,False
3939,4.0,73000001,73500000,500000,50,0.3627,0.990967,0.807799074932425,1.56935340294002,True,True,61.8965799189392,46.0,,2,2,SA1015-A95736A-R03-C04,False
3940,4.0,73500001,74000000,500000,54,0.382612,0.99758,0.833901705251597,1.62006434454454,True,True,64.755833523218,46.0,,2,2,SA1015-A95736A-R03-C04,False
3941,4.0,74000001,74500000,500000,76,0.371502,0.995211,1.20420669041756,2.33947515674988,True,True,63.1120891494522,46.0,,2,2,SA1015-A95736A-R03-C04,False
3942,4.0,74500001,75000000,500000,69,0.376212,0.996004,1.08160608568096,2.10129256628086,True,True,63.794019757718495,46.0,,2,2,SA1015-A95736A-R03-C04,False
3943,4.0,75000001,75500000,500000,41,-1.0,0.874451,,,False,False,,,,2,2,SA1015-A95736A-R03-C04,True
3944,4.0,75500001,76000000,500000,63,0.386874,0.987989,0.963025382491351,1.87091964825145,True,True,65.4188364558146,46.0,,2,2,SA1015-A95736A-R03-C04,False
3945,4.0,76000001,76500000,500000,29,0.391138,0.980231,0.438728219709471,0.8523401993552321,True,True,66.1001474197489,46.0,,2,2,SA1015-A95736A-R03-C04,False
3946,4.0,76500001,77000000,500000,49,0.406646,0.998414,0.7129363516221,1.3850586417066395,True,True,68.72983806831179,46.0,,2,2,SA1015-A95736A-R03-C04,False
3947,4.0,77000001,77500000,500000,43,0.402972,0.999566,0.6315605654061329,1.2269656567330802,True,True,68.0853149410118,46.0,,2,2,SA1015-A95736A-R03-C04,False
3948,4.0,77500001,78000000,500000,86,0.412616,0.995825,1.2319920414415502,2.39345520764933,True,True,69.8056457405126,46.0,,2,2,SA1015-A95736A-R03-C04,False
3949,4.0,78000001,78500000,500000,76,0.422742,0.99531,1.05980864351403,2.05894553828639,True,True,71.7110588454961,46.0,,2,2,SA1015-A95736A-R03-C04,False
3950,4.0,78500001,79000000,500000,63,0.3850639999999999,0.998077,0.967220836784232,1.8790703761684904,True,True,65.1350731953411,46.0,,2,2,SA1015-A95736A-R03-C04,False
3951,4.0,79000001,79500000,500000,78,0.39937,0.976153,1.15613111051727,2.24607621974176,True,True,67.4663965794515,46.0,,2,2,SA1015-A95736A-R03-C04,False
3952,4.0,79500001,80000000,500000,62,0.376364,0.996335,0.971537208144544,1.88745601598025,True,True,63.816392702456,46.0,,2,2,SA1015-A95736A-R03-C04,False
3953,4.0,80000001,80500000,500000,94,0.364664,0.990931,1.51219854507513,2.9378269996572204,True,True,62.161149609709504,46.0,,2,2,SA1015-A95736A-R03-C04,False
3954,4.0,80500001,81000000,500000,94,0.35569,0.968297,1.54140289369929,2.9945638112187005,True,True,60.9834069886845,46.0,,2,2,SA1015-A95736A-R03-C04,False
3955,4.0,81000001,81500000,500000,65,0.3742,0.996847,1.02362159612921,1.98864307357948,True,True,63.5000279847505,46.0,,2,2,SA1015-A95736A-R03-C04,False
3956,4.0,81500001,82000000,500000,54,0.356878,0.991291,0.883294826811163,1.7160229384656998,True,True,61.1347404749881,46.0,,2,2,SA1015-A95736A-R03-C04,False
3957,4.0,82000001,82500000,500000,115,0.384728,0.99447,1.7669811671121,3.43280649061189,True,True,65.08275364810609,46.0,,2,2,SA1015-A95736A-R03-C04,False
3958,4.0,82500001,83000000,500000,67,0.39144,0.992795,1.01286360606073,1.9677429650665,True,True,66.1490842390706,46.0,,2,2,SA1015-A95736A-R03-C04,False
3959,4.0,83000001,83500000,500000,47,0.406786,0.994038,0.6835900053775689,1.32804596396055,True,True,68.75466234185271,46.0,,2,2,SA1015-A95736A-R03-C04,False
3960,4.0,83500001,84000000,500000,75,0.413524,0.999739,1.0718517841323598,2.08234237581439,True,True,69.9723610207085,46.0,,2,2,SA1015-A95736A-R03-C04,False
3961,4.0,84000001,84500000,500000,74,0.4155439999999999,0.996034,1.05194062981043,2.04365993761749,True,True,70.3461753476862,46.0,,2,2,SA1015-A95736A-R03-C04,False
3962,4.0,84500001,85000000,500000,62,0.3809,0.990766,0.9613211614183852,1.86760876906971,True,True,64.4945752661076,46.0,,2,2,SA1015-A95736A-R03-C04,False
3963,4.0,85000001,85500000,500000,61,0.38499,0.989298,0.9366812555492572,1.81973953855955,True,True,65.1235408401873,46.0,,2,2,SA1015-A95736A-R03-C04,False
3964,4.0,85500001,86000000,500000,61,0.3760699999999999,0.996555,0.956515557949232,1.85827267251856,True,True,63.773139383936304,46.0,,2,2,SA1015-A95736A-R03-C04,False
3965,4.0,86000001,86500000,500000,96,0.373314,0.997203,1.5148684943212198,2.94301404933957,True,True,63.3718374630371,46.0,,2,2,SA1015-A95736A-R03-C04,False
3966,4.0,86500001,87000000,500000,66,0.367568,0.986699,1.05499826680841,2.04960016851976,True,True,62.559344480881215,46.0,,2,2,SA1015-A95736A-R03-C04,False
3967,4.0,87000001,87500000,500000,59,0.373852,0.988092,0.929872117056654,1.80651107000089,True,True,63.4495850749392,46.0,,2,2,SA1015-A95736A-R03-C04,False
3968,4.0,87500001,88000000,500000,48,0.392082,0.991136,0.72449095090234,1.40750636449163,True,True,66.2534155053516,46.0,,2,2,SA1015-A95736A-R03-C04,False
3969,4.0,88000001,88500000,500000,48,0.39599,0.982883,0.7175176824158679,1.39395903203179,True,True,66.8973060543748,46.0,,2,2,SA1015-A95736A-R03-C04,False
3970,4.0,88500001,89000000,500000,65,0.390664,0.989495,0.984497625036926,1.91263489397697,True,True,66.0235213848911,46.0,,2,2,SA1015-A95736A-R03-C04,False
3971,4.0,89000001,89500000,500000,38,0.407734,0.995544,0.551337751410624,1.07111261103876,True,True,68.9232687273367,46.0,,2,2,SA1015-A95736A-R03-C04,False
3972,4.0,89500001,90000000,500000,70,0.383828,0.995476,1.07786558447915,2.09402569946715,True,True,64.94316267999761,46.0,,2,2,SA1015-A95736A-R03-C04,False
3973,4.0,90000001,90500000,500000,66,0.381482,0.996008,1.02193972510486,1.98537561500311,True,True,64.5830653008694,46.0,,2,2,SA1015-A95736A-R03-C04,False
3974,4.0,90500001,91000000,500000,46,0.36055,0.998066,0.746615887999153,1.45048963397064,True,True,61.6113328679288,46.0,,2,2,SA1015-A95736A-R03-C04,False
3975,4.0,91000001,91500000,500000,64,0.3563159999999999,0.992207,1.04809827987032,2.03619520394681,True,True,61.062975895656,46.0,,2,2,SA1015-A95736A-R03-C04,False
3976,4.0,91500001,92000000,500000,60,0.3477659999999999,0.986966,0.999837513901624,1.94243649630308,True,True,60.0097507502639,46.0,,2,2,SA1015-A95736A-R03-C04,False
3977,4.0,92000001,92500000,500000,48,0.352362,0.991314,0.7925119586087429,1.5396543245823002,True,True,60.5669094057131,46.0,,2,2,SA1015-A95736A-R03-C04,False
3978,4.0,92500001,93000000,500000,65,0.357018,0.985119,1.06291358661278,2.06497767321841,True,True,61.1526664243118,46.0,,2,2,SA1015-A95736A-R03-C04,False
3979,4.0,93000001,93500000,500000,58,0.35101,0.994332,0.960251553745689,1.86553078644625,True,True,60.4008395235157,46.0,,2,2,SA1015-A95736A-R03-C04,False
3980,4.0,93500001,94000000,500000,62,0.340332,0.997795,1.04813258649285,2.03626185321204,True,True,59.1528216935398,46.0,,2,2,SA1015-A95736A-R03-C04,False
3981,4.0,94000001,94500000,500000,73,0.348798,0.998379,1.21397495821115,2.35845248016904,True,True,60.1330361110323,46.0,,2,2,SA1015-A95736A-R03-C04,False
3982,4.0,94500001,95000000,500000,62,0.367104,0.975307,0.992076816908119,1.92735938540522,True,True,62.4951605997886,46.0,,2,2,SA1015-A95736A-R03-C04,False
3983,4.0,95000001,95500000,500000,66,0.378944,0.994194,1.02804325549856,1.9972332618989097,True,True,64.1996332809873,46.0,,2,2,SA1015-A95736A-R03-C04,False
3984,4.0,95500001,96000000,500000,60,0.3724639999999999,0.99233,0.948622809083415,1.84293901755968,True,True,63.2495860583129,46.0,,2,2,SA1015-A95736A-R03-C04,False
3985,4.0,96000001,96500000,500000,64,0.37331,0.992126,1.00992152449004,1.9620272297209496,True,True,63.3712604871126,46.0,,2,2,SA1015-A95736A-R03-C04,False
3986,4.0,96500001,97000000,500000,48,0.362808,0.991169,0.7753061210605929,1.5062276464088002,True,True,61.91102932908301,46.0,,2,2,SA1015-A95736A-R03-C04,False
3987,4.0,97000001,97500000,500000,142,0.352882,0.992041,2.34202604191262,4.5499761669783885,True,True,60.63126432361749,46.0,,2,2,SA1015-A95736A-R03-C04,False
3988,4.0,97500001,98000000,500000,47,0.352416,0.993113,0.7759158370947079,1.50741217355504,True,True,60.5735799593729,46.0,,2,2,SA1015-A95736A-R03-C04,False
3989,4.0,98000001,98500000,500000,110,0.359062,0.995009,1.7910468612516102,3.4795601700403,True,True,61.416595165539206,46.0,,2,2,SA1015-A95736A-R03-C04,False
3990,4.0,98500001,99000000,500000,71,0.35768,0.990879,1.15941662853598,2.25245916699076,True,True,61.237693381759605,46.0,,2,2,SA1015-A95736A-R03-C04,False
3991,4.0,99000001,99500000,500000,78,0.381878,0.991727,1.2066184556344,2.34416061885004,True,True,64.6434667361276,46.0,,2,2,SA1015-A95736A-R03-C04,False
3992,4.0,99500001,100000000,500000,30,0.399196,0.988536,0.4448608074597699,0.8642542974935171,True,True,67.4368240513366,46.0,,2,2,SA1015-A95736A-R03-C04,False
3993,4.0,100000001,100500000,500000,52,0.382656,0.991983,0.8029327259510699,1.55989929291344,True,True,64.7625863529304,46.0,,2,2,SA1015-A95736A-R03-C04,False
3994,4.0,100500001,101000000,500000,57,0.38755,0.98646,0.8698883770138,1.6899775290765,True,True,65.5256484696033,46.0,,2,2,SA1015-A95736A-R03-C04,False
3995,4.0,101000001,101500000,500000,74,0.36979,0.997198,1.17703829274351,2.28669369330767,True,True,62.8696623178811,46.0,,2,2,SA1015-A95736A-R03-C04,False
3996,4.0,101500001,102000000,500000,90,0.366116,0.995963,1.44325127883909,2.8038795488013304,True,True,62.359203362281896,46.0,,2,2,SA1015-A95736A-R03-C04,False
3997,4.0,102000001,102500000,500000,60,0.365386,0.994322,0.963710362446523,1.87225039454338,True,True,62.2593699705387,46.0,,2,2,SA1015-A95736A-R03-C04,False
3998,4.0,102500001,103000000,500000,57,0.359642,0.994364,0.9269462250095,1.8008267868872698,True,True,61.492240285477,46.0,,2,2,SA1015-A95736A-R03-C04,False
3999,4.0,103000001,103500000,500000,72,0.3824059999999999,0.989072,1.11241161132804,2.16114006797258,True,True,64.72424349656299,46.0,,2,2,SA1015-A95736A-R03-C04,False
4000,4.0,103500001,104000000,500000,49,0.384686,0.98969,0.7529631994984491,1.4628208871375,True,True,65.076221563868,46.0,,2,2,SA1015-A95736A-R03-C04,False
4001,4.0,104000001,104500000,500000,57,0.37133,0.993432,0.903505572260968,1.75528740797535,True,True,63.087602058016,46.0,,2,2,SA1015-A95736A-R03-C04,False
4002,4.0,104500001,105000000,500000,56,0.355404,0.987268,0.918828348509572,1.78505576472947,True,True,60.9471835417762,46.0,,2,2,SA1015-A95736A-R03-C04,False
4003,4.0,105000001,105500000,500000,67,0.35065,0.994761,1.11006318142431,2.15657765068919,True,True,60.3569248320018,46.0,,2,2,SA1015-A95736A-R03-C04,False
4004,4.0,105500001,106000000,500000,54,0.366166,0.985782,0.865855555162302,1.6821427556873,True,True,62.3660605721677,46.0,,2,2,SA1015-A95736A-R03-C04,False
4005,4.0,106000001,106500000,500000,74,0.3714739999999999,0.992986,1.17259114067555,2.27805397899277,True,True,63.1081008827746,46.0,,2,2,SA1015-A95736A-R03-C04,False
4006,4.0,106500001,107000000,500000,80,0.370218,0.996988,1.27125383506963,2.46973114228184,True,True,62.9299969786272,46.0,,2,2,SA1015-A95736A-R03-C04,False
4007,4.0,107000001,107500000,500000,46,0.36418,0.984253,0.7407932815781669,1.43917775273146,True,True,62.0955955513025,46.0,,2,2,SA1015-A95736A-R03-C04,False
4008,4.0,107500001,108000000,500000,86,0.35914,0.989333,1.4000415414314398,2.7199337378377404,True,True,61.42674874637761,46.0,,2,2,SA1015-A95736A-R03-C04,False
4009,4.0,108000001,108500000,500000,103,0.366496,0.984615,1.6503400439570302,3.2062016958967297,True,True,62.4113802347281,46.0,,2,2,SA1015-A95736A-R03-C04,False
4010,4.0,108500001,109000000,500000,67,0.396238,0.996448,1.00091610268742,1.94453192700348,True,True,66.9386772978348,46.0,,2,2,SA1015-A95736A-R03-C04,False
4011,4.0,109000001,109500000,500000,58,0.400186,0.996141,0.857918600062899,1.6667232189723402,True,True,67.6054814474796,46.0,,2,2,SA1015-A95736A-R03-C04,False
4012,4.0,109500001,110000000,500000,71,0.388418,0.998987,1.08127105773793,2.10064169001868,True,True,65.6634610645505,46.0,,2,2,SA1015-A95736A-R03-C04,False
4013,4.0,110000001,110500000,500000,62,0.382728,0.997356,0.957179486162432,1.85956252049317,True,True,64.7736405724419,46.0,,2,2,SA1015-A95736A-R03-C04,False
4014,4.0,110500001,111000000,500000,57,0.397238,0.995685,0.8494009869824091,1.65017560770662,True,True,67.10611463085161,46.0,,2,2,SA1015-A95736A-R03-C04,False
4015,4.0,111000001,111500000,500000,57,0.396932,0.99259,0.8500513367247121,1.65143907607747,True,True,67.0547736794624,46.0,,2,2,SA1015-A95736A-R03-C04,False
4016,4.0,111500001,112000000,500000,44,0.372792,0.988675,0.6951391891046719,1.35048316566795,True,True,63.29667596020778,46.0,,2,2,SA1015-A95736A-R03-C04,False
4017,4.0,112000001,112500000,500000,58,0.355106,0.981256,0.952231997938176,1.84995077702665,True,True,60.9095263817901,46.0,,2,2,SA1015-A95736A-R03-C04,False
4018,4.0,112500001,113000000,500000,66,0.360106,0.988889,1.07224674819553,2.08310969310382,True,True,61.5529961840129,46.0,,2,2,SA1015-A95736A-R03-C04,False
4019,4.0,113000001,113500000,500000,63,0.393854,0.98933,0.9467491138157792,1.83929889201907,True,True,66.5435003641934,46.0,,2,2,SA1015-A95736A-R03-C04,False
4020,4.0,113500001,114000000,500000,47,0.39178,0.997588,0.709923817976221,1.37920603543939,True,True,66.20428672752921,46.0,,2,2,SA1015-A95736A-R03-C04,False
4021,4.0,114000001,114500000,500000,93,0.3675219999999999,0.992761,1.4867399128688703,2.88836718678181,True,True,62.5529719051824,46.0,,2,2,SA1015-A95736A-R03-C04,False
4022,4.0,114500001,115000000,500000,73,0.365892,0.99372,1.1712135580476002,2.27537767735777,True,True,62.328513445225,46.0,,2,2,SA1015-A95736A-R03-C04,False
4023,4.0,115000001,115500000,500000,76,0.361362,0.996686,1.23139688325326,2.3922989627895896,True,True,61.7185255489797,46.0,,2,2,SA1015-A95736A-R03-C04,False
4024,4.0,115500001,116000000,500000,81,0.354088,0.996513,1.3326412664831,2.58899170765763,True,True,60.7815486712058,46.0,,2,2,SA1015-A95736A-R03-C04,False
4025,4.0,116000001,116500000,500000,138,0.341138,0.996243,2.32938574295187,4.52541919878688,True,True,59.2430860442729,46.0,,2,2,SA1015-A95736A-R03-C04,False
4026,4.0,116500001,117000000,500000,45,0.342812,0.998077,0.7571600422635341,1.47097431251192,True,True,59.4326133025618,46.0,,2,2,SA1015-A95736A-R03-C04,False
4027,4.0,117000001,117500000,500000,46,0.344856,0.992478,0.770935163100022,1.4977359583611205,True,True,59.6677933524637,46.0,,2,2,SA1015-A95736A-R03-C04,False
4028,4.0,117500001,118000000,500000,86,0.341138,0.994875,1.45164618763667,2.82018877605559,True,True,59.2430860442729,46.0,,2,2,SA1015-A95736A-R03-C04,False
4029,4.0,118000001,118500000,500000,68,0.343854,0.997762,1.14185945237862,2.21834992497302,True,True,59.551987644669,46.0,,2,2,SA1015-A95736A-R03-C04,False
4030,4.0,118500001,119000000,500000,68,0.36094,0.992115,1.10277300183545,2.1424146384985803,True,True,61.6627355646369,46.0,,2,2,SA1015-A95736A-R03-C04,False
4031,4.0,119000001,119500000,500000,96,0.37625,0.987184,1.50471137240302,2.9232812787273503,True,True,63.7996108494139,46.0,,2,2,SA1015-A95736A-R03-C04,False
4032,4.0,119500001,120000000,500000,116,0.394594,0.971496,1.74002882950534,3.3804447783335,True,True,66.66556210621921,46.0,,2,2,SA1015-A95736A-R03-C04,False
4033,4.0,120000001,120500000,500000,66,0.381666,0.968735,1.02149612764819,1.98451381508309,True,True,64.6111113039196,46.0,,2,2,SA1015-A95736A-R03-C04,False
4034,4.0,120500001,121000000,500000,117,0.368528,0.987785,1.86624255365159,3.6256467643635295,True,True,62.6928154494556,46.0,,2,2,SA1015-A95736A-R03-C04,False
4035,4.0,121000001,121500000,500000,76,0.360738,0.992916,1.23304376611352,2.3954984480343904,True,True,61.6360928043513,46.0,,2,2,SA1015-A95736A-R03-C04,False
4036,4.0,121500001,122000000,500000,72,0.37535,0.991254,1.13087393051686,2.19700777857569,True,True,63.667574304319714,46.0,,2,2,SA1015-A95736A-R03-C04,False
4037,4.0,122000001,122500000,500000,86,0.377932,0.997283,1.34273199141266,2.60859548537632,True,True,64.0485223782604,46.0,,2,2,SA1015-A95736A-R03-C04,False
4038,4.0,122500001,123000000,500000,70,0.3830679999999999,0.999144,1.07981514752905,2.09781321730613,True,True,64.8259103978873,46.0,,2,2,SA1015-A95736A-R03-C04,False
4039,4.0,123000001,123500000,500000,66,0.3664739999999999,0.989169,1.0575506981026,2.05455890994645,True,True,62.4083555695377,46.0,,2,2,SA1015-A95736A-R03-C04,False
4040,4.0,123500001,124000000,500000,84,0.389226,0.985659,1.27674286459923,2.48039496629258,True,True,65.792417822807,46.0,,2,2,SA1015-A95736A-R03-C04,False
4041,4.0,124000001,124500000,500000,70,0.387082,0.997675,1.069491697374,2.0777573121514,True,True,65.4516535021975,46.0,,2,2,SA1015-A95736A-R03-C04,False
4042,4.0,124500001,125000000,500000,214,0.371552,0.994467,3.39040982737387,6.58672603753052,True,True,63.119212984867794,46.0,,2,2,SA1015-A95736A-R03-C04,False
4043,4.0,125000001,125500000,500000,68,0.35909,0.989067,1.1071269132491002,2.15087320933031,True,True,61.4202393476638,46.0,,2,2,SA1015-A95736A-R03-C04,False
4044,4.0,125500001,126000000,500000,63,0.3582059999999999,0.997217,1.02763922294772,1.99644832678541,True,True,61.3055619065304,46.0,,2,2,SA1015-A95736A-R03-C04,False
4045,4.0,126000001,126500000,500000,77,0.35249,0.996768,1.2709893622628798,2.46921733716354,True,True,60.582725777428,46.0,,2,2,SA1015-A95736A-R03-C04,False
4046,4.0,126500001,127000000,500000,62,0.35352,0.995629,1.02123865768759,1.98401361475933,True,True,60.7105885909054,46.0,,2,2,SA1015-A95736A-R03-C04,False
4047,4.0,127000001,127500000,500000,92,0.3482,0.997007,1.5317640659759095,2.9758379577763505,True,True,60.0614690235508,46.0,,2,2,SA1015-A95736A-R03-C04,False
4048,4.0,127500001,128000000,500000,58,0.35911,0.983424,0.944274106284702,1.83449056577592,True,True,61.42284281012871,46.0,,2,2,SA1015-A95736A-R03-C04,False
4049,4.0,128000001,128500000,500000,61,0.373084,0.994644,0.963076483155739,1.8710189241779,True,True,63.3386870792646,46.0,,2,2,SA1015-A95736A-R03-C04,False
4050,4.0,128500001,129000000,500000,30,0.386266,0.987098,0.4592552190689439,0.892219071833059,True,True,65.32315530527791,46.0,,2,2,SA1015-A95736A-R03-C04,False
4051,4.0,129000001,129500000,500000,69,0.397846,0.990252,1.02665737437364,1.99454083834092,True,True,67.208400506641,46.0,,2,2,SA1015-A95736A-R03-C04,False
4052,4.0,129500001,130000000,500000,67,0.396596,0.99458,1.00002229771617,1.94279548545912,True,True,66.9985060863276,46.0,,2,2,SA1015-A95736A-R03-C04,False
4053,4.0,130000001,130500000,500000,54,0.371186,0.993793,0.856230580653225,1.66344381560706,True,True,63.0671237633244,46.0,,2,2,SA1015-A95736A-R03-C04,False
4054,4.0,130500001,131000000,500000,52,0.357172,0.985384,0.850056458878507,1.65144902715286,True,True,61.1724073817455,46.0,,2,2,SA1015-A95736A-R03-C04,False
4055,4.0,131000001,131500000,500000,44,0.347566,0.99881,0.73350472630976,1.42501789619295,True,True,59.9859802149642,46.0,,2,2,SA1015-A95736A-R03-C04,False
4056,4.0,131500001,132000000,500000,40,0.344516,0.996781,0.670821437474589,1.30323980100365,True,True,59.6283865801698,46.0,,2,2,SA1015-A95736A-R03-C04,False
4057,4.0,132000001,132500000,500000,44,0.343934,0.99325,0.7387359916449959,1.43518094825663,True,True,59.561197095625495,46.0,,2,2,SA1015-A95736A-R03-C04,False
4058,4.0,132500001,133000000,500000,48,0.367078,0.939734,0.768103596947085,1.49223492708285,True,True,62.49157039594849,46.0,,2,2,SA1015-A95736A-R03-C04,False
4059,4.0,133000001,133500000,500000,60,0.346496,0.996268,1.00234748857389,1.94731275503555,True,True,59.8594805533617,46.0,,2,2,SA1015-A95736A-R03-C04,False
4060,4.0,133500001,134000000,500000,57,0.345342,0.988016,0.9543850720356908,1.85413366639429,True,True,59.7243205810205,46.0,,2,2,SA1015-A95736A-R03-C04,False
4061,4.0,134000001,134500000,500000,40,0.34467,0.998118,0.670620855680751,1.3028501202891,True,True,59.646221350208,46.0,,2,2,SA1015-A95736A-R03-C04,False
4062,4.0,134500001,135000000,500000,57,0.349076,0.995037,0.9473721950470542,1.84050938443105,True,True,60.1664269840313,46.0,,2,2,SA1015-A95736A-R03-C04,False
4063,4.0,135000001,135500000,500000,54,0.342642,0.996158,0.9088883273842928,1.76574476715305,True,True,59.4132396390298,46.0,,2,2,SA1015-A95736A-R03-C04,False
4064,4.0,135500001,136000000,500000,60,0.345346,0.995727,1.00460802321443,1.95170441360594,True,True,59.7247867959674,46.0,,2,2,SA1015-A95736A-R03-C04,False
4065,4.0,136000001,136500000,500000,50,0.343998,0.98662,0.8393688258062841,1.63068560484679,True,True,59.5685692186279,46.0,,2,2,SA1015-A95736A-R03-C04,False
4066,4.0,136500001,137000000,500000,74,0.338206,0.998863,1.2559868217179098,2.44007111901646,True,True,58.917815633435104,46.0,,2,2,SA1015-A95736A-R03-C04,False
4067,4.0,137000001,137500000,500000,77,0.344188,0.986911,1.2921527258051,2.5103325075361003,True,True,59.590479099151295,46.0,,2,2,SA1015-A95736A-R03-C04,False
4068,4.0,137500001,138000000,500000,77,0.355386,0.999215,1.2634361832858,2.45454338234169,True,True,60.9449064532466,46.0,,2,2,SA1015-A95736A-R03-C04,False
4069,4.0,138000001,138500000,500000,74,0.351792,0.994971,1.22320774035243,2.37638948767705,True,True,60.4966740798084,46.0,,2,2,SA1015-A95736A-R03-C04,False
4070,4.0,138500001,139000000,500000,114,0.355902,0.994951,1.8685366395939,3.63010360479814,True,True,61.0103101990959,46.0,,2,2,SA1015-A95736A-R03-C04,False
4071,4.0,139000001,139500000,500000,109,0.37181,0.990789,1.72588480073183,3.35296643579041,True,True,63.1560113130264,46.0,,2,2,SA1015-A95736A-R03-C04,False
4072,4.0,139500001,140000000,500000,225,0.4110439999999999,0.995372,3.23652781575017,6.2877714260597095,True,True,69.51894524282,46.0,,2,2,SA1015-A95736A-R03-C04,False
4073,4.0,140000001,140500000,500000,61,0.40939,0.996209,0.8812490721450459,1.71204854415593,True,True,69.2199310366592,46.0,,2,2,SA1015-A95736A-R03-C04,False
4074,4.0,140500001,141000000,500000,92,0.4194859999999999,0.997108,1.29418329723576,2.5142774045823,True,True,71.0873028546282,46.0,,2,2,SA1015-A95736A-R03-C04,False
4075,4.0,141000001,141500000,500000,72,0.396912,0.988457,1.07380274147056,2.08613260240997,True,True,67.0514212893488,46.0,,2,2,SA1015-A95736A-R03-C04,False
4076,4.0,141500001,142000000,500000,282,0.397802,0.991722,4.196367002572931,8.15250108577303,True,False,67.2009859545404,46.0,,2,2,SA1015-A95736A-R03-C04,False
4077,4.0,142000001,142500000,500000,58,0.379762,0.993206,0.9017060030670642,1.75179129102509,True,True,64.3225173201894,46.0,,2,2,SA1015-A95736A-R03-C04,False
4078,4.0,142500001,143000000,500000,53,0.367934,0.993627,0.846508483674739,1.64455619063897,True,True,62.61012266519071,46.0,,2,2,SA1015-A95736A-R03-C04,False
4079,4.0,143000001,143500000,500000,58,0.364118,0.993971,0.934169782042212,1.81486036796257,True,True,62.0872148885021,46.0,,2,2,SA1015-A95736A-R03-C04,False
4080,4.0,143500001,144000000,500000,41,0.37024,0.992665,0.6514854332502671,1.26567473690495,True,True,62.933103193805294,46.0,,2,2,SA1015-A95736A-R03-C04,False
4081,4.0,144000001,144500000,500000,51,0.38423,0.988196,0.784550035115721,1.52418628046655,True,True,65.0054142085119,46.0,,2,2,SA1015-A95736A-R03-C04,False
4082,4.0,144500001,145000000,500000,28,0.381732,0.969142,0.4332944746247339,0.841783779319527,True,True,64.6211794513423,46.0,,2,2,SA1015-A95736A-R03-C04,False
4083,4.0,145000001,145500000,500000,67,0.370656,0.989944,1.0636283244403,2.06636623168133,True,True,62.9919290982182,46.0,,2,2,SA1015-A95736A-R03-C04,False
4084,4.0,145500001,146000000,500000,68,0.374594,0.991956,1.06990098392273,2.07855245448068,True,True,63.55728335783179,46.0,,2,2,SA1015-A95736A-R03-C04,False
4085,4.0,146000001,146500000,500000,46,0.3890659999999999,0.992848,0.699440730929995,1.35883999536849,True,True,65.766830505906,46.0,,2,2,SA1015-A95736A-R03-C04,False
4086,4.0,146500001,147000000,500000,93,0.404096,0.996268,1.36201717393682,2.64606181550692,True,True,68.28107734588221,46.0,,2,2,SA1015-A95736A-R03-C04,False
4087,4.0,147000001,147500000,500000,71,0.385982,0.990956,1.08764608232271,2.1130267828424,True,True,65.2785875423526,46.0,,2,2,SA1015-A95736A-R03-C04,False
4088,4.0,147500001,148000000,500000,93,0.37608,0.989316,1.45826060240468,2.83303894467642,True,True,63.77460917934879,46.0,,2,2,SA1015-A95736A-R03-C04,False
4089,4.0,148000001,148500000,500000,54,0.3825659999999999,0.991633,0.8339926019607758,1.62024093432322,True,True,64.7487757961428,46.0,,2,2,SA1015-A95736A-R03-C04,False
4090,4.0,148500001,149000000,500000,107,0.4083719999999999,0.99782,1.5498881243621998,3.0110485114725094,True,True,69.0372410228201,46.0,,2,2,SA1015-A95736A-R03-C04,False
4091,4.0,149000001,149500000,500000,76,0.382438,0.9955,1.17412328806763,2.28103056165818,True,True,64.72914792881811,46.0,,2,2,SA1015-A95736A-R03-C04,False
4092,4.0,149500001,150000000,500000,60,0.376598,0.995034,0.939689476839215,1.8255837669879893,True,True,63.850879975605295,46.0,,2,2,SA1015-A95736A-R03-C04,False
4093,4.0,150000001,150500000,500000,45,0.362162,0.995195,0.727863576066994,1.41405853933713,True,True,61.8247724981063,46.0,,2,2,SA1015-A95736A-R03-C04,False
4094,4.0,150500001,151000000,500000,61,0.367452,0.984936,0.975324630185615,1.89481403835608,True,True,62.5432785270592,46.0,,2,2,SA1015-A95736A-R03-C04,False
4095,4.0,151000001,151500000,500000,61,0.375034,0.996047,0.958796807063212,1.862704574177129,True,True,63.621405026204215,46.0,,2,2,SA1015-A95736A-R03-C04,False
4096,4.0,151500001,152000000,500000,114,0.375842,0.995247,1.7885255287158102,3.47466184579385,True,True,63.7396549110784,46.0,,2,2,SA1015-A95736A-R03-C04,False
4097,4.0,152000001,152500000,500000,79,0.404184,0.99257,1.15672179455481,2.24722377243541,True,True,68.2964567382471,46.0,,2,2,SA1015-A95736A-R03-C04,False
4098,4.0,152500001,153000000,500000,96,0.4230140000000001,0.999443,1.33772476288957,2.5988676813148,True,True,71.763641268503,46.0,,2,2,SA1015-A95736A-R03-C04,False
4099,4.0,153000001,153500000,500000,60,0.3932179999999999,0.998965,0.903083672201008,1.75446776071981,True,True,66.4390264677991,46.0,,2,2,SA1015-A95736A-R03-C04,False
4100,4.0,153500001,154000000,500000,69,0.4143600000000001,0.994743,0.9839350733206228,1.91154199541134,True,True,70.1265783392964,46.0,,2,2,SA1015-A95736A-R03-C04,False
4101,4.0,154000001,154500000,500000,72,0.423096,0.998963,1.0030718002217098,1.94871991305858,True,True,71.7795076923564,46.0,,2,2,SA1015-A95736A-R03-C04,False
4102,4.0,154500001,155000000,500000,37,0.405198,0.998257,0.540349326761999,1.04976482524597,True,True,68.4742224473927,46.0,,2,2,SA1015-A95736A-R03-C04,False
4103,4.0,155000001,155500000,500000,59,0.381454,0.996992,0.9136125115756908,1.77492268622594,True,True,64.5788003693642,46.0,,2,2,SA1015-A95736A-R03-C04,False
4104,4.0,155500001,156000000,500000,66,0.38193,0.997977,1.02085940948153,1.98327682948535,True,True,64.6514097700486,46.0,,2,2,SA1015-A95736A-R03-C04,False
4105,4.0,156000001,156500000,500000,61,0.369846,0.994255,0.9701396385247328,1.8847408845735,True,True,62.8775462600014,46.0,,2,2,SA1015-A95736A-R03-C04,False
4106,4.0,156500001,157000000,500000,96,0.369378,0.996587,1.52837634921664,2.9692564637027097,True,True,62.8117544799777,46.0,,2,2,SA1015-A95736A-R03-C04,False
4107,4.0,157000001,157500000,500000,89,0.357036,0.990472,1.45531910522378,2.82732434465541,True,True,61.1549725971027,46.0,,2,2,SA1015-A95736A-R03-C04,False
4108,4.0,157500001,158000000,500000,80,0.363714,0.998548,1.28964242727525,2.50545561962862,True,True,62.0326986054758,46.0,,2,2,SA1015-A95736A-R03-C04,False
4109,4.0,158000001,158500000,500000,65,0.3527659999999999,0.993725,1.07230848254204,2.08322962763924,True,True,60.6168850272542,46.0,,2,2,SA1015-A95736A-R03-C04,False
4110,4.0,158500001,159000000,500000,48,0.356452,0.994983,0.785850580434307,1.52671291770189,True,True,61.08031373276121,46.0,,2,2,SA1015-A95736A-R03-C04,False
4111,4.0,159000001,159500000,500000,46,0.376408,0.98409,0.720744735942408,1.4002283972619598,True,True,63.8228733503726,46.0,,2,2,SA1015-A95736A-R03-C04,False
4112,4.0,159500001,160000000,500000,49,0.399844,0.996609,0.725419655271101,1.4093106069161,True,True,67.547108275813,46.0,,2,2,SA1015-A95736A-R03-C04,False
4113,4.0,160000001,160500000,500000,52,0.3891159999999999,0.998284,0.790576043844718,1.5358933219802902,True,True,65.77482381974829,46.0,,2,2,SA1015-A95736A-R03-C04,False
4114,4.0,160500001,161000000,500000,68,0.371046,0.991396,1.07855643608175,2.0953678529148503,True,True,63.0472339927197,46.0,,2,2,SA1015-A95736A-R03-C04,False
4115,4.0,161000001,161500000,500000,60,0.35633,0.989254,0.982563432158018,1.90887723657099,True,True,61.0647598274863,46.0,,2,2,SA1015-A95736A-R03-C04,False
4116,4.0,161500001,162000000,500000,38,0.34117,0.993321,0.641386117601017,1.24605426954698,True,True,59.2466830154225,46.0,,2,2,SA1015-A95736A-R03-C04,False
4117,4.0,162000001,162500000,500000,66,0.347626,0.996512,1.10012638220222,2.13727291247218,True,True,59.9931072172651,46.0,,2,2,SA1015-A95736A-R03-C04,False
4118,4.0,162500001,163000000,500000,46,0.33835,0.991851,0.780539560891252,1.51639492297818,True,True,58.9335919725521,46.0,,2,2,SA1015-A95736A-R03-C04,False
4119,4.0,163000001,163500000,500000,55,0.346202,0.997699,0.919349309270965,1.7860678623773405,True,True,59.8249212191332,46.0,,2,2,SA1015-A95736A-R03-C04,False
4120,4.0,163500001,164000000,500000,51,0.364112,0.997084,0.821435880742429,1.5958463369718603,True,True,62.086404058592215,46.0,,2,2,SA1015-A95736A-R03-C04,False
4121,4.0,164000001,164500000,500000,58,0.3769639999999999,0.993079,0.907598204267146,1.76323837767213,True,True,63.904930317521895,46.0,,2,2,SA1015-A95736A-R03-C04,False
4122,4.0,164500001,165000000,500000,73,0.357212,0.991339,1.19324839635552,2.3181859072194504,True,True,61.1775387446238,46.0,,2,2,SA1015-A95736A-R03-C04,False
4123,4.0,165000001,165500000,500000,61,0.358966,0.974419,0.9934188975085892,1.929966715399429,True,True,61.404106719716,46.0,,2,2,SA1015-A95736A-R03-C04,False
4124,4.0,165500001,166000000,500000,70,0.402708,0.995941,1.02881389439133,1.99873042227744,True,True,68.0395165555315,46.0,,2,2,SA1015-A95736A-R03-C04,False
4125,4.0,166000001,166500000,500000,66,0.393706,0.993006,0.992195434680252,1.92758983033902,True,True,66.5191530751897,46.0,,2,2,SA1015-A95736A-R03-C04,False
4126,4.0,166500001,167000000,500000,68,0.3635,0.997118,1.09670544360094,2.1306268765929897,True,True,62.0038866377172,46.0,,2,2,SA1015-A95736A-R03-C04,False
4127,4.0,167000001,167500000,500000,78,0.354206,0.979301,1.2829721699084098,2.4924969626779303,True,True,60.7963304500737,46.0,,2,2,SA1015-A95736A-R03-C04,False
4128,4.0,167500001,168000000,500000,72,0.348256,0.983948,1.1986384279959,2.32865740286642,True,True,60.0681559328802,46.0,,2,2,SA1015-A95736A-R03-C04,False
4129,4.0,168000001,168500000,500000,58,0.353342,0.991093,0.955701318706927,1.8566908074665096,True,True,60.6884168355805,46.0,,2,2,SA1015-A95736A-R03-C04,False
4130,4.0,168500001,169000000,500000,65,0.3598159999999999,0.995865,1.05665287006104,2.05281465257354,True,True,61.514998767992,46.0,,2,2,SA1015-A95736A-R03-C04,False
4131,4.0,169000001,169500000,500000,60,0.373058,0.994267,0.947344344452784,1.8404552776287,True,True,63.3349429395263,46.0,,2,2,SA1015-A95736A-R03-C04,False
4132,4.0,169500001,170000000,500000,205,0.4055760000000001,0.998222,2.99092143238213,5.810619092659628,True,True,68.54075061300671,46.0,,2,2,SA1015-A95736A-R03-C04,False
4133,4.0,170000001,170500000,500000,61,0.390354,0.989185,0.924613283483629,1.79629445968351,True,True,65.9735276246224,46.0,,2,2,SA1015-A95736A-R03-C04,False
4134,4.0,170500001,171000000,500000,78,0.401,0.996212,1.15137848672434,2.23684304957137,True,True,67.7448822427709,46.0,,2,2,SA1015-A95736A-R03-C04,False
4135,4.0,171000001,171500000,500000,58,0.379744,0.986608,0.901744011354979,1.75186513170878,True,True,64.31980614193161,46.0,,2,2,SA1015-A95736A-R03-C04,False
4136,4.0,171500001,172000000,500000,76,0.351564,0.993615,1.25684920765405,2.44174652116228,True,True,60.4686700179861,46.0,,2,2,SA1015-A95736A-R03-C04,False
4137,4.0,172000001,172500000,500000,57,0.3457159999999999,0.998789,0.953687908257637,1.85277924995405,True,True,59.7679801814176,46.0,,2,2,SA1015-A95736A-R03-C04,False
4138,4.0,172500001,173000000,500000,63,0.3573199999999999,0.997223,1.02955641844209,2.00017296248574,True,True,61.19140133702521,46.0,,2,2,SA1015-A95736A-R03-C04,False
4139,4.0,173000001,173500000,500000,66,0.356976,0.99677,1.07936105864576,2.09693103514432,True,True,61.14728660195311,46.0,,2,2,SA1015-A95736A-R03-C04,False
4140,4.0,173500001,174000000,500000,68,0.381278,0.99886,1.05341413842409,2.04652259966907,True,True,64.55201000218989,46.0,,2,2,SA1015-A95736A-R03-C04,False
4141,4.0,174000001,174500000,500000,70,0.39903,0.999166,1.03844256336314,2.0174365397831497,True,True,67.4086391194285,46.0,,2,2,SA1015-A95736A-R03-C04,False
4142,4.0,174500001,175000000,500000,74,0.3715739999999999,0.993547,1.17232647459816,2.27753979839753,True,True,63.122348256585205,46.0,,2,2,SA1015-A95736A-R03-C04,False
4143,4.0,175000001,175500000,500000,52,0.367004,0.998188,0.8322482658265211,1.61685212151925,True,True,62.481355786734895,46.0,,2,2,SA1015-A95736A-R03-C04,False
4144,4.0,175500001,176000000,500000,59,0.359594,0.989171,0.95956854116003,1.8642038622657,True,True,61.4859673584905,46.0,,2,2,SA1015-A95736A-R03-C04,False
4145,4.0,176000001,176500000,500000,69,0.361288,0.99324,1.11815622051686,2.17230041991998,True,True,61.70872972303061,46.0,,2,2,SA1015-A95736A-R03-C04,False
4146,4.0,176500001,177000000,500000,78,0.358862,0.998359,1.27055307190168,2.4683697331191,True,True,61.3905878667898,46.0,,2,2,SA1015-A95736A-R03-C04,False
4147,4.0,177000001,177500000,500000,65,0.368408,0.997948,1.03707823237881,2.01478598280749,True,True,62.6760816789159,46.0,,2,2,SA1015-A95736A-R03-C04,False
4148,4.0,177500001,178000000,500000,64,0.366316,0.994385,1.02586054906551,1.99299280424721,True,True,62.3866470528571,46.0,,2,2,SA1015-A95736A-R03-C04,False
4149,4.0,178000001,178500000,500000,69,0.381382,0.998625,1.0686435110934398,2.07610949641723,True,True,64.5678369668844,46.0,,2,2,SA1015-A95736A-R03-C04,False
4150,4.0,178500001,179000000,500000,332,0.3578139999999999,0.990037,5.41996951483946,10.5296575174415,True,False,61.2549570788192,46.0,,2,2,SA1015-A95736A-R03-C04,False
4151,4.0,179000001,179500000,500000,56,0.351362,0.998928,0.926478896563406,1.79991888353614,True,True,60.4439024004984,46.0,,2,2,SA1015-A95736A-R03-C04,False
4152,4.0,179500001,180000000,500000,93,0.3511599999999999,0.995578,1.5392464349306003,2.99037434627381,True,True,60.4191751817784,46.0,,2,2,SA1015-A95736A-R03-C04,False
4153,4.0,180000001,180500000,500000,41,0.356162,0.997843,0.6716536628625479,1.30485660867914,True,True,61.0433654530528,46.0,,2,2,SA1015-A95736A-R03-C04,False
4154,4.0,180500001,181000000,500000,78,0.357502,0.995705,1.27420190301953,2.47545850767857,True,True,61.21478850028421,46.0,,2,2,SA1015-A95736A-R03-C04,False
4155,4.0,181000001,181500000,500000,80,0.358384,0.995943,1.30444868998347,2.53422051858312,True,True,61.3285908555082,46.0,,2,2,SA1015-A95736A-R03-C04,False
4156,4.0,181500001,182000000,500000,85,0.3679679999999999,0.994325,1.35750552394016,2.63729679770132,True,True,62.6148464967474,46.0,,2,2,SA1015-A95736A-R03-C04,False
4157,4.0,182000001,182500000,500000,89,0.378092,0.989499,1.3890548049175702,2.6985892316724,True,True,64.072345946985,46.0,,2,2,SA1015-A95736A-R03-C04,False
4158,4.0,182500001,183000000,500000,80,0.387886,0.995358,1.21990444661641,2.36997200661473,True,True,65.57890679216091,46.0,,2,2,SA1015-A95736A-R03-C04,False
4159,4.0,183000001,183500000,500000,56,0.390142,0.996702,0.84926471635981,1.64991086765933,True,True,65.9393931258936,46.0,,2,2,SA1015-A95736A-R03-C04,False
4160,4.0,183500001,184000000,500000,111,0.420416,0.992746,1.5575800888564,3.0259920921584302,True,True,71.2643932688547,46.0,,2,2,SA1015-A95736A-R03-C04,False
4161,4.0,184000001,184500000,500000,86,0.4251439999999999,0.996165,1.19149977254171,2.31478876451674,True,True,72.1779407616206,46.0,,2,2,SA1015-A95736A-R03-C04,False
4162,4.0,184500001,185000000,500000,65,0.42539,0.996498,0.899951943909308,1.74838358879615,True,True,72.2260787811025,46.0,,2,2,SA1015-A95736A-R03-C04,False
4163,4.0,185000001,185500000,500000,98,0.436754,0.993235,1.31516908856964,2.55504759616238,True,True,74.5151333404465,46.0,,2,2,SA1015-A95736A-R03-C04,False
4164,4.0,185500001,186000000,500000,63,0.440276,0.997919,0.837203461820457,1.6264788392720202,True,True,75.2505249596193,46.0,,2,2,SA1015-A95736A-R03-C04,False
4165,4.0,186000001,186500000,500000,67,0.4104399999999999,0.997926,0.96528658456741,1.87531260348366,True,True,69.4094386798361,46.0,,2,2,SA1015-A95736A-R03-C04,False
4166,4.0,186500001,187000000,500000,88,0.408028,0.998847,1.27581090855871,2.47858440667576,True,True,68.9757388102396,46.0,,2,2,SA1015-A95736A-R03-C04,False
4167,4.0,187000001,187500000,500000,107,0.423354,0.990812,1.48963923258575,2.89399984644321,True,True,71.8294723040203,46.0,,2,2,SA1015-A95736A-R03-C04,False
4168,4.0,187500001,188000000,500000,57,0.4088719999999999,0.986935,0.8245711476417579,1.6019373835331598,True,True,69.1268426781822,46.0,,2,2,SA1015-A95736A-R03-C04,False
4169,4.0,188000001,188500000,500000,60,0.3881199999999999,0.998392,0.9144102351902328,1.77647246550638,True,True,65.6160634373451,46.0,,2,2,SA1015-A95736A-R03-C04,False
4170,4.0,188500001,189000000,500000,63,0.395414,0.994444,0.943093259325981,1.83219647278853,True,True,66.801452960257,46.0,,2,2,SA1015-A95736A-R03-C04,False
4171,4.0,189000001,189500000,500000,66,0.41597,0.98673,0.937160209109286,1.82067002662596,True,True,70.42552528209548,46.0,,2,2,SA1015-A95736A-R03-C04,False
4172,4.0,189500001,190000000,500000,82,0.38073,0.999026,1.27193326873242,2.47105111350224,True,True,64.4687909466503,46.0,,2,2,SA1015-A95736A-R03-C04,False
4173,4.0,190000001,190500000,500000,68,0.3971119999999999,0.982599,1.01363997157034,1.96925125084231,True,True,67.08496301172279,46.0,,2,2,SA1015-A95736A-R03-C04,False
4174,4.0,190500001,191000000,500000,50,0.4296399999999999,0.912554,0.684301661781701,1.3294285359815,True,True,73.0671906740897,46.0,,2,2,SA1015-A95736A-R03-C04,False
4175,4.0,191000001,191500000,500000,13,-1.0,0.197639,,,False,False,,,,2,2,SA1015-A95736A-R03-C04,True
