,chr,start,end,width,reads,gc,map,cor_gc,copy,valid,ideal,modal_curve,modal_quantile,cor_map,multiplier,state,cell_id,is_low_mappability
3196,21.0,1,500000,500000,0,-1.0,0.0,,,False,False,,,,2,2,SA1015-A95736A-R03-C04,True
3197,21.0,500001,1000000,500000,0,-1.0,0.0,,,False,False,,,,2,2,SA1015-A95736A-R03-C04,True
3198,21.0,1000001,1500000,500000,0,-1.0,0.0,,,False,False,,,,2,2,SA1015-A95736A-R03-C04,True
3199,21.0,1500001,2000000,500000,0,-1.0,0.0,,,False,False,,,,2,2,SA1015-A95736A-R03-C04,True
3200,21.0,2000001,2500000,500000,0,-1.0,0.0,,,False,False,,,,2,2,SA1015-A95736A-R03-C04,True
3201,21.0,2500001,3000000,500000,0,-1.0,0.0,,,False,False,,,,2,2,SA1015-A95736A-R03-C04,True
3202,21.0,3000001,3500000,500000,0,-1.0,0.0,,,False,False,,,,2,2,SA1015-A95736A-R03-C04,True
3203,21.0,3500001,4000000,500000,0,-1.0,0.0,,,False,False,,,,2,2,SA1015-A95736A-R03-C04,True
3204,21.0,4000001,4500000,500000,0,-1.0,0.0,,,False,False,,,,2,2,SA1015-A95736A-R03-C04,True
3205,21.0,4500001,5000000,500000,0,-1.0,0.0,,,False,False,,,,2,2,SA1015-A95736A-R03-C04,True
3206,21.0,5000001,5500000,500000,0,-1.0,0.0,,,False,False,,,,2,2,SA1015-A95736A-R03-C04,True
3207,21.0,5500001,6000000,500000,0,-1.0,0.0,,,False,False,,,,2,2,SA1015-A95736A-R03-C04,True
3208,21.0,6000001,6500000,500000,0,-1.0,0.0,,,False,False,,,,2,2,SA1015-A95736A-R03-C04,True
3209,21.0,6500001,7000000,500000,0,-1.0,0.0,,,False,False,,,,2,2,SA1015-A95736A-R03-C04,True
3210,21.0,7000001,7500000,500000,0,-1.0,0.0,,,False,False,,,,2,2,SA1015-A95736A-R03-C04,True
3211,21.0,7500001,8000000,500000,0,-1.0,0.0,,,False,False,,,,2,2,SA1015-A95736A-R03-C04,True
3212,21.0,8000001,8500000,500000,0,-1.0,0.0,,,False,False,,,,2,2,SA1015-A95736A-R03-C04,True
3213,21.0,8500001,9000000,500000,0,-1.0,0.0,,,False,False,,,,2,2,SA1015-A95736A-R03-C04,True
3214,21.0,9000001,9500000,500000,0,-1.0,0.174188,,,False,False,,,,2,2,SA1015-A95736A-R03-C04,True
3215,21.0,9500001,10000000,500000,108,-1.0,0.646486,,,False,False,,,,2,2,SA1015-A95736A-R03-C04,True
3216,21.0,10000001,10500000,500000,0,-1.0,0.487069,,,False,False,,,,2,2,SA1015-A95736A-R03-C04,True
3217,21.0,10500001,11000000,500000,54,-1.0,0.864283,,,False,False,,,,2,2,SA1015-A95736A-R03-C04,True
3218,21.0,11000001,11500000,500000,29,-1.0,0.350821,,,False,False,,,,2,2,SA1015-A95736A-R03-C04,True
3219,21.0,11500001,12000000,500000,0,-1.0,0.0,,,False,False,,,,2,2,SA1015-A95736A-R03-C04,True
3220,21.0,12000001,12500000,500000,0,-1.0,0.0,,,False,False,,,,2,2,SA1015-A95736A-R03-C04,True
3221,21.0,12500001,13000000,500000,0,-1.0,0.0,,,False,False,,,,2,2,SA1015-A95736A-R03-C04,True
3222,21.0,13000001,13500000,500000,0,-1.0,0.0,,,False,False,,,,2,2,SA1015-A95736A-R03-C04,True
3223,21.0,13500001,14000000,500000,0,-1.0,0.0,,,False,False,,,,2,2,SA1015-A95736A-R03-C04,True
3224,21.0,14000001,14500000,500000,2,-1.0,0.305171,,,False,False,,,,2,2,SA1015-A95736A-R03-C04,True
3225,21.0,14500001,15000000,500000,7,0.37331,0.953467,0.110460166741098,0.2145967282507288,True,True,63.3712604871126,46.0,,2,2,SA1015-A95736A-R03-C04,False
3226,21.0,15000001,15500000,500000,27,0.4277399999999999,0.833917,0.3714457089989399,0.721626955903261,True,False,72.68895385214171,46.0,,2,2,SA1015-A95736A-R03-C04,True
3227,21.0,15500001,16000000,500000,83,0.3620739999999999,0.994361,1.34275843375379,2.60864685629183,True,True,61.8130543168268,46.0,,2,2,SA1015-A95736A-R03-C04,False
3228,21.0,16000001,16500000,500000,163,0.371336,0.989759,2.58367395463014,5.0194381729460495,True,True,63.0884557658258,46.0,,2,2,SA1015-A95736A-R03-C04,False
3229,21.0,16500001,17000000,500000,126,0.38064,0.996688,1.9548476122374097,3.79778443389601,True,True,64.4551520083896,46.0,,2,2,SA1015-A95736A-R03-C04,False
3230,21.0,17000001,17500000,500000,92,0.361484,0.9969,1.4902480935939,2.89518271248591,True,True,61.7346872614558,46.0,,2,2,SA1015-A95736A-R03-C04,False
3231,21.0,17500001,18000000,500000,62,0.354022,0.995012,1.02018507068029,1.98196675631828,True,True,60.77328690828261,46.0,,2,2,SA1015-A95736A-R03-C04,False
3232,21.0,18000001,18500000,500000,76,0.360378,0.994945,1.23399238264892,2.39734137486374,True,True,61.5887108126682,46.0,,2,2,SA1015-A95736A-R03-C04,False
3233,21.0,18500001,19000000,500000,34,0.3947699999999999,0.984639,0.509785842934855,0.990387550824302,True,True,66.6946728144917,46.0,,2,2,SA1015-A95736A-R03-C04,False
3234,21.0,19000001,19500000,500000,74,0.390388,0.995391,1.12156887925851,2.17893037008394,True,True,65.9790061658297,46.0,,2,2,SA1015-A95736A-R03-C04,False
3235,21.0,19500001,20000000,500000,58,0.352752,0.996225,0.95685648761898,1.8589350143731,True,True,60.61515049589711,46.0,,2,2,SA1015-A95736A-R03-C04,False
3236,21.0,20000001,20500000,500000,51,0.355744,0.990194,0.8361991535751,1.62452771725249,True,True,60.9902554695897,46.0,,2,2,SA1015-A95736A-R03-C04,False
3237,21.0,20500001,21000000,500000,70,0.348108,0.9985,1.16568573964582,2.26463849618156,True,True,60.050490127183714,46.0,,2,2,SA1015-A95736A-R03-C04,False
3238,21.0,21000001,21500000,500000,40,0.3482,0.996011,0.665984376511263,1.29384259033754,True,True,60.0614690235508,46.0,,2,2,SA1015-A95736A-R03-C04,False
3239,21.0,21500001,22000000,500000,71,0.349954,0.997275,1.17798553553817,2.28853395129921,True,True,60.2723869334807,46.0,,2,2,SA1015-A95736A-R03-C04,False
3240,21.0,22000001,22500000,500000,51,0.35707,0.999519,0.8338874927695359,1.62003673321422,True,True,61.1593295764841,46.0,,2,2,SA1015-A95736A-R03-C04,False
3241,21.0,22500001,23000000,500000,80,0.3402679999999999,0.998747,1.3525924036746395,2.62775182266108,True,True,59.1456818644413,46.0,,2,2,SA1015-A95736A-R03-C04,False
3242,21.0,23000001,23500000,500000,90,0.354,0.997923,1.48098089907232,2.87717885025152,True,True,60.7705339456948,46.0,,2,2,SA1015-A95736A-R03-C04,False
3243,21.0,23500001,24000000,500000,66,0.34811,0.999284,1.09907075930783,2.13522209880707,True,True,60.0507287097377,46.0,,2,2,SA1015-A95736A-R03-C04,False
3244,21.0,24000001,24500000,500000,65,0.34772,0.995258,1.08325606070078,2.10449805882532,True,True,60.004280020321296,46.0,,2,2,SA1015-A95736A-R03-C04,False
3245,21.0,24500001,25000000,500000,58,0.341564,0.998692,0.978225149862132,1.90044902924168,True,True,59.2910538112564,46.0,,2,2,SA1015-A95736A-R03-C04,False
3246,21.0,25000001,25500000,500000,129,0.364514,0.998862,2.07593050654118,4.0330184891335,True,True,62.140808468070496,46.0,,2,2,SA1015-A95736A-R03-C04,False
3247,21.0,25500001,26000000,500000,50,0.346154,0.998883,0.8358508184081179,1.62385098835217,True,True,59.8192870053357,46.0,,2,2,SA1015-A95736A-R03-C04,False
3248,21.0,26000001,26500000,500000,55,0.35774,0.998228,0.8980263164933678,1.74464257196191,True,True,61.2454211974156,46.0,,2,2,SA1015-A95736A-R03-C04,False
3249,21.0,26500001,27000000,500000,85,0.372488,0.999487,1.3438091838701,2.6106882033567698,True,True,63.25302804911961,46.0,,2,2,SA1015-A95736A-R03-C04,False
3250,21.0,27000001,27500000,500000,66,0.3987219999999999,0.9936,0.97986210478606,1.90362922696663,True,True,67.3564164565893,46.0,,2,2,SA1015-A95736A-R03-C04,False
3251,21.0,27500001,28000000,500000,62,0.386778,0.998922,0.947958535438031,1.84164849849594,True,True,65.40370457379889,46.0,,2,2,SA1015-A95736A-R03-C04,False
3252,21.0,28000001,28500000,500000,67,0.37797,0.998819,1.04598953421633,2.03209843375887,True,True,64.054178180853,46.0,,2,2,SA1015-A95736A-R03-C04,False
3253,21.0,28500001,29000000,500000,80,0.3597619999999999,0.995525,1.30064524429038,2.52683136622261,True,True,61.5079325828368,46.0,,2,2,SA1015-A95736A-R03-C04,False
3254,21.0,29000001,29500000,500000,207,0.361142,0.994894,3.3555187304838,6.518941283454981,True,True,61.6894187236901,46.0,,2,2,SA1015-A95736A-R03-C04,False
3255,21.0,29500001,30000000,500000,49,0.369398,0.998888,0.7800738985651908,1.51549025648535,True,True,62.8145616590004,46.0,,2,2,SA1015-A95736A-R03-C04,False
3256,21.0,30000001,30500000,500000,48,0.394438,0.996113,0.7202904383362522,1.39934580960336,True,True,66.63978507179941,46.0,,2,2,SA1015-A95736A-R03-C04,False
3257,21.0,30500001,31000000,500000,95,0.396486,0.995681,1.41833151367003,2.7554666210299104,True,True,66.9801094344868,46.0,,2,2,SA1015-A95736A-R03-C04,False
3258,21.0,31000001,31500000,500000,115,0.374418,0.999504,1.81012031898344,3.51661517137188,True,True,63.53168836013271,46.0,,2,2,SA1015-A95736A-R03-C04,False
3259,21.0,31500001,32000000,500000,83,0.3670219999999999,0.999122,1.32834345813351,2.58064213117517,True,True,62.4838399224138,46.0,,2,2,SA1015-A95736A-R03-C04,False
3260,21.0,32000001,32500000,500000,99,0.3866,0.995897,1.51432478544808,2.94195775774831,True,True,65.3756716863792,46.0,,2,2,SA1015-A95736A-R03-C04,False
3261,21.0,32500001,33000000,500000,56,0.441472,0.999592,0.741691966265262,1.44092367435434,True,True,75.5030424314613,46.0,,2,2,SA1015-A95736A-R03-C04,False
3262,21.0,33000001,33500000,500000,131,-1.0,0.9978,,,False,False,,,,2,2,SA1015-A95736A-R03-C04,False
3263,21.0,33500001,34000000,500000,55,0.4486560000000001,0.996321,0.713825543736521,1.38678612161339,True,True,77.0496383641617,46.0,,2,2,SA1015-A95736A-R03-C04,False
3264,21.0,34000001,34500000,500000,594,0.4261720000000001,0.99967,8.20674352600892,15.943668765250196,True,False,72.37950084799009,46.0,,2,2,SA1015-A95736A-R03-C04,False
3265,21.0,34500001,35000000,500000,169,0.436404,0.998144,2.2702017066698,4.41043928407634,True,True,74.44272440791579,46.0,,2,2,SA1015-A95736A-R03-C04,False
3266,21.0,35000001,35500000,500000,85,0.425496,0.994856,1.17652205150061,2.2856907645145603,True,True,72.24683965046471,46.0,,2,2,SA1015-A95736A-R03-C04,False
3267,21.0,35500001,36000000,500000,89,0.44105,0.999485,1.18015564153933,2.29274992943456,True,True,75.4137817651857,46.0,,2,2,SA1015-A95736A-R03-C04,False
3268,21.0,36000001,36500000,500000,86,0.434526,0.998792,1.16127911799992,2.25607752243194,True,True,74.05627007925399,46.0,,2,2,SA1015-A95736A-R03-C04,False
3269,21.0,36500001,37000000,500000,87,0.403358,0.992428,1.27655075285027,2.4800217407760803,True,True,68.1524019360352,46.0,,2,2,SA1015-A95736A-R03-C04,False
3270,21.0,37000001,37500000,500000,76,0.42576,0.998305,1.05119609465662,2.0422134903343703,True,True,72.2985943215726,46.0,,2,2,SA1015-A95736A-R03-C04,False
3271,21.0,37500001,38000000,500000,53,0.462804,0.997921,0.660478343427921,1.28314573263593,True,True,80.2448718074947,46.0,,2,2,SA1015-A95736A-R03-C04,False
3272,21.0,38000001,38500000,500000,64,0.4477640000000001,0.998549,0.832738844431509,1.6178051941669398,True,True,76.8548272101937,46.0,,2,2,SA1015-A95736A-R03-C04,False
3273,21.0,38500001,39000000,500000,78,0.41425,0.997679,1.11259699781938,2.16150022798028,True,True,70.1062470534031,46.0,,2,2,SA1015-A95736A-R03-C04,False
3274,21.0,39000001,39500000,500000,254,0.4279020000000001,0.997612,3.49279817354738,6.78564121888579,True,True,72.7210641381065,46.0,,2,2,SA1015-A95736A-R03-C04,False
3275,21.0,39500001,40000000,500000,136,0.4176399999999999,0.99783,1.92257875157173,3.735094034926541,True,True,70.7383247052004,46.0,,2,2,SA1015-A95736A-R03-C04,False
3276,21.0,40000001,40500000,500000,135,-1.0,0.996526,,,False,False,,,,2,2,SA1015-A95736A-R03-C04,False
3277,21.0,40500001,41000000,500000,92,0.416792,0.998388,1.30350119784455,2.53237977617747,True,True,70.5791449613776,46.0,,2,2,SA1015-A95736A-R03-C04,False
3278,21.0,41000001,41500000,500000,84,0.434296,0.990152,1.1349943229178798,2.20501267983971,True,True,74.0091807543583,46.0,,2,2,SA1015-A95736A-R03-C04,False
3279,21.0,41500001,42000000,500000,95,0.40345,0.997574,1.3936073223421002,2.70743364476205,True,True,68.1684133521504,46.0,,2,2,SA1015-A95736A-R03-C04,False
3280,21.0,42000001,42500000,500000,58,0.418318,0.996102,0.818444861835413,1.59003552851014,True,True,70.8661055919289,46.0,,2,2,SA1015-A95736A-R03-C04,False
3281,21.0,42500001,43000000,500000,80,-1.0,0.90977,,,False,False,,,,2,2,SA1015-A95736A-R03-C04,False
3282,21.0,43000001,43500000,500000,131,-1.0,0.983557,,,False,False,,,,2,2,SA1015-A95736A-R03-C04,False
3283,21.0,43500001,44000000,500000,112,0.495594,0.999781,1.2667937084056202,2.46106622154238,True,True,88.41218523334992,46.0,,2,2,SA1015-A95736A-R03-C04,False
3284,21.0,44000001,44500000,500000,78,-1.0,0.99601,,,False,False,,,,2,2,SA1015-A95736A-R03-C04,False
3285,21.0,44500001,45000000,500000,114,-1.0,0.897325,,,False,False,,,,2,2,SA1015-A95736A-R03-C04,True
3286,21.0,45000001,45500000,500000,134,0.501026,0.998914,1.49107638902315,2.8967918852256,True,True,89.8679645030043,46.0,,2,2,SA1015-A95736A-R03-C04,False
3287,21.0,45500001,46000000,500000,127,0.547746,0.997123,1.22592641938846,2.38167120726439,True,True,103.59512446379298,46.0,,2,2,SA1015-A95736A-R03-C04,False
3288,21.0,46000001,46500000,500000,124,0.5221560000000001,0.998046,1.29424629115929,2.5143997861637204,True,True,95.8086577856287,46.0,,2,2,SA1015-A95736A-R03-C04,False
3289,21.0,46500001,47000000,500000,128,0.526496,0.997959,1.31845174174249,2.56142497772589,True,True,97.0835685125893,46.0,,2,2,SA1015-A95736A-R03-C04,False
3290,21.0,47000001,47500000,500000,186,0.4938479999999999,0.995261,2.11482690679838,4.10858455500311,True,True,87.950460343624,46.0,,2,2,SA1015-A95736A-R03-C04,False
3291,21.0,47500001,48000000,500000,118,0.502508,0.99729,1.3071864466393202,2.53953930125768,True,True,90.2702137888358,46.0,,2,2,SA1015-A95736A-R03-C04,False
3292,21.0,48000001,48500000,500000,12,-1.0,0.855318,,,False,False,,,,2,2,SA1015-A95736A-R03-C04,True
