,chr,start,end,width,reads,gc,map,cor_gc,copy,valid,ideal,modal_curve,modal_quantile,cor_map,multiplier,state,cell_id,is_low_mappability
2463,19.0,1,500000,500000,91,-1.0,0.6583859999999999,,,False,False,,,,2,2,SA1015-A95736A-R03-C04,True
2464,19.0,500001,1000000,500000,79,0.595526,0.997193,0.659053264397384,1.2803771572618898,True,False,119.868915408886,46.0,,2,2,SA1015-A95736A-R03-C04,False
2465,19.0,1000001,1500000,500000,105,0.6026100000000001,0.994163,0.857324030630264,1.66556811791894,True,False,122.474112760853,46.0,,2,2,SA1015-A95736A-R03-C04,False
2466,19.0,1500001,2000000,500000,127,0.5796979999999999,0.998977,1.11181567649862,2.15998231429163,True,True,114.22756728881,46.0,,2,2,SA1015-A95736A-R03-C04,False
2467,19.0,2000001,2500000,500000,63,0.5715020000000001,0.998435,0.56551004528404,1.09864586566593,True,True,111.403856616476,46.0,,2,2,SA1015-A95736A-R03-C04,False
2468,19.0,2500001,3000000,500000,80,0.5203760000000001,0.998799,0.8395322220370001,1.63100304322802,True,True,95.29116083941592,46.0,,2,2,SA1015-A95736A-R03-C04,False
2469,19.0,3000001,3500000,500000,171,0.549948,0.999212,1.63957313457721,3.18528425937234,True,True,104.295439095551,46.0,,2,2,SA1015-A95736A-R03-C04,False
2470,19.0,3500001,4000000,500000,116,0.560922,0.996644,1.07549670039741,2.08942354478511,True,True,107.857141688242,46.0,,2,2,SA1015-A95736A-R03-C04,False
2471,19.0,4000001,4500000,500000,360,0.548542,0.999384,3.46661415606333,6.7347721621903895,True,False,103.847726857729,46.0,,2,2,SA1015-A95736A-R03-C04,False
2472,19.0,4500001,5000000,500000,97,0.533524,0.997936,0.9779443130597752,1.89990343293546,True,True,99.1876517963565,46.0,,2,2,SA1015-A95736A-R03-C04,False
2473,19.0,5000001,5500000,500000,147,0.536172,0.999305,1.47010130254453,2.85604249052626,True,True,99.9931091453118,46.0,,2,2,SA1015-A95736A-R03-C04,False
2474,19.0,5500001,6000000,500000,100,0.52604,0.997772,1.03147294190235,2.0038962925903703,True,True,96.9487380013762,46.0,,2,2,SA1015-A95736A-R03-C04,False
2475,19.0,6000001,6500000,500000,249,0.504628,0.999008,2.74079926744505,5.32469371483277,True,True,90.84941132230948,46.0,,2,2,SA1015-A95736A-R03-C04,False
2476,19.0,6500001,7000000,500000,100,0.47585,0.998836,1.19951754616276,2.3303653115897203,True,True,83.3668505474545,46.0,,2,2,SA1015-A95736A-R03-C04,False
2477,19.0,7000001,7500000,500000,64,-1.0,0.88749,,,False,False,,,,2,2,SA1015-A95736A-R03-C04,True
2478,19.0,7500001,8000000,500000,59,0.5383220000000001,0.999802,0.5861769911547929,1.13879661953175,True,True,100.652193604132,46.0,,2,2,SA1015-A95736A-R03-C04,False
2479,19.0,8000001,8500000,500000,103,0.517496,0.980015,1.0904027956145002,2.11838239356251,True,True,94.4605061673139,46.0,,2,2,SA1015-A95736A-R03-C04,False
2480,19.0,8500001,9000000,500000,62,-1.0,0.828308,,,False,False,,,,2,2,SA1015-A95736A-R03-C04,True
2481,19.0,9000001,9500000,500000,83,0.446596,0.998289,1.08353776911165,2.1050453484508704,True,True,76.6009292579143,46.0,,2,2,SA1015-A95736A-R03-C04,False
2482,19.0,9500001,10000000,500000,53,0.4525479999999999,0.997704,0.680282052521486,1.32161943138264,True,True,77.9088611900813,46.0,,2,2,SA1015-A95736A-R03-C04,False
2483,19.0,10000001,10500000,500000,52,0.5191140000000001,0.999326,0.547794191157416,1.06422835167963,True,True,94.92616175817948,46.0,,2,2,SA1015-A95736A-R03-C04,False
2484,19.0,10500001,11000000,500000,67,0.524252,0.999401,0.694861831963611,1.34994432948126,True,True,96.4220466832444,46.0,,2,2,SA1015-A95736A-R03-C04,False
2485,19.0,11000001,11500000,500000,107,0.522066,0.999393,1.1171152644330902,2.17027810023299,True,True,95.7824169149638,46.0,,2,2,SA1015-A95736A-R03-C04,False
2486,19.0,11500001,12000000,500000,98,0.476506,0.998483,1.17325526967211,2.27934421703969,True,True,83.52828453725009,46.0,,2,2,SA1015-A95736A-R03-C04,False
2487,19.0,12000001,12500000,500000,96,0.4430520000000001,0.993332,1.26584269700308,2.45921864207971,True,True,75.8388070076027,46.0,,2,2,SA1015-A95736A-R03-C04,False
2488,19.0,12500001,13000000,500000,100,0.492098,0.995156,1.14297854304426,2.22052404078823,True,True,87.4907062854002,46.0,,2,2,SA1015-A95736A-R03-C04,False
2489,19.0,13000001,13500000,500000,273,0.522458,0.999201,2.84681123872152,5.53064870170748,True,True,95.8967690891238,46.0,,2,2,SA1015-A95736A-R03-C04,False
2490,19.0,13500001,14000000,500000,50,0.4859159999999999,0.997049,0.582134073212306,1.1309422319399098,True,True,85.8908665560363,46.0,,2,2,SA1015-A95736A-R03-C04,False
2491,19.0,14000001,14500000,500000,63,0.524884,0.999483,0.652120897430709,1.26690928631825,True,True,96.6078533109638,46.0,,2,2,SA1015-A95736A-R03-C04,False
2492,19.0,14500001,15000000,500000,98,0.480214,0.996972,1.16046658622818,2.2544989745720296,True,True,84.4487908251847,46.0,,2,2,SA1015-A95736A-R03-C04,False
2493,19.0,15000001,15500000,500000,68,0.4844479999999999,0.999109,0.79516797764705,1.5448143113233,True,True,85.5165221834211,46.0,,2,2,SA1015-A95736A-R03-C04,False
2494,19.0,15500001,16000000,500000,77,0.472556,0.991904,0.932624805245655,1.81185886094383,True,True,82.5626764020265,46.0,,2,2,SA1015-A95736A-R03-C04,False
2495,19.0,16000001,16500000,500000,81,0.4960739999999999,0.997471,0.914844378268641,1.77731589791254,True,True,88.5396488452975,46.0,,2,2,SA1015-A95736A-R03-C04,False
2496,19.0,16500001,17000000,500000,117,0.502192,0.999696,1.29734388102766,2.5204176355914902,True,True,90.18426163718529,46.0,,2,2,SA1015-A95736A-R03-C04,False
2497,19.0,17000001,17500000,500000,82,0.524848,0.999439,0.848885372588249,1.6491738967252705,True,True,96.5972587676735,46.0,,2,2,SA1015-A95736A-R03-C04,False
2498,19.0,17500001,18000000,500000,89,0.523908,0.999466,0.9239929845598872,1.79508937260552,True,True,96.3210776350127,46.0,,2,2,SA1015-A95736A-R03-C04,False
2499,19.0,18000001,18500000,500000,76,0.534492,0.998787,0.763962759910044,1.48419030695792,True,True,99.4812888640658,46.0,,2,2,SA1015-A95736A-R03-C04,False
2500,19.0,18500001,19000000,500000,74,0.553816,0.999503,0.701174402606765,1.36220808977457,True,True,105.537224012869,46.0,,2,2,SA1015-A95736A-R03-C04,False
2501,19.0,19000001,19500000,500000,79,0.5294800000000001,0.999892,0.8063613790997108,1.5665603162462198,True,True,97.97096196273952,46.0,,2,2,SA1015-A95736A-R03-C04,False
2502,19.0,19500001,20000000,500000,53,0.486052,0.998487,0.616812290006912,1.19831341274877,True,True,85.92565494991359,46.0,,2,1,SA1015-A95736A-R03-C04,False
2503,19.0,20000001,20500000,500000,48,0.4129899999999999,0.990394,0.6869486741561001,1.3345710250066798,True,True,69.8742159433772,46.0,,2,1,SA1015-A95736A-R03-C04,False
2504,19.0,20500001,21000000,500000,38,-1.0,0.8669950000000001,,,False,False,,,,2,1,SA1015-A95736A-R03-C04,True
2505,19.0,21000001,21500000,500000,46,0.40364,0.995372,0.6744719005470289,1.31033174604644,True,True,68.2015069311143,46.0,,2,1,SA1015-A95736A-R03-C04,False
2506,19.0,21500001,22000000,500000,64,0.415284,0.992265,0.910412117459842,1.7687051136236498,True,True,70.2978341045895,46.0,,2,1,SA1015-A95736A-R03-C04,False
2507,19.0,22000001,22500000,500000,37,0.4046119999999999,0.992481,0.541162218228977,1.05134407190459,True,True,68.37136583756211,46.0,,2,1,SA1015-A95736A-R03-C04,False
2508,19.0,22500001,23000000,500000,26,0.4213560000000001,0.998377,0.363920078515938,0.707006520977959,True,True,71.4442580525585,46.0,,2,1,SA1015-A95736A-R03-C04,False
2509,19.0,23000001,23500000,500000,27,0.416322,0.994251,0.3830263871360279,0.7441253434438909,True,True,70.4912269932233,46.0,,2,1,SA1015-A95736A-R03-C04,False
2510,19.0,23500001,24000000,500000,22,0.410952,0.994287,0.3165365509062219,0.6149520700566941,True,True,69.5022421171126,46.0,,2,1,SA1015-A95736A-R03-C04,False
2511,19.0,24000001,24500000,500000,31,0.40568,0.9931,0.4521647641420179,0.878444075162143,True,True,68.559079473657,46.0,,2,1,SA1015-A95736A-R03-C04,False
2512,19.0,24500001,25000000,500000,2,-1.0,0.220173,,,False,False,,,,2,1,SA1015-A95736A-R03-C04,True
2513,19.0,25000001,25500000,500000,0,-1.0,0.0,,,False,False,,,,2,1,SA1015-A95736A-R03-C04,True
2514,19.0,25500001,26000000,500000,0,-1.0,0.0,,,False,False,,,,2,1,SA1015-A95736A-R03-C04,True
2515,19.0,26000001,26500000,500000,0,-1.0,0.0,,,False,False,,,,2,1,SA1015-A95736A-R03-C04,True
2516,19.0,26500001,27000000,500000,0,-1.0,0.0,,,False,False,,,,2,1,SA1015-A95736A-R03-C04,True
2517,19.0,27000001,27500000,500000,0,-1.0,0.0,,,False,False,,,,2,1,SA1015-A95736A-R03-C04,True
2518,19.0,27500001,28000000,500000,0,-1.0,0.531515,,,False,False,,,,2,1,SA1015-A95736A-R03-C04,True
2519,19.0,28000001,28500000,500000,22,0.406398,0.990737,0.320298582221469,0.6222607645449151,True,True,68.68591127508721,46.0,,2,1,SA1015-A95736A-R03-C04,False
2520,19.0,28500001,29000000,500000,63,0.4317319999999999,0.995147,0.857285347470642,1.66549296612678,True,True,73.4877834852502,46.0,,2,2,SA1015-A95736A-R03-C04,False
2521,19.0,29000001,29500000,500000,87,0.428818,0.994326,1.1933646485695,2.31841175646003,True,True,72.9031148226886,46.0,,2,2,SA1015-A95736A-R03-C04,False
2522,19.0,29500001,30000000,500000,387,0.4644319999999999,0.986102,4.799984573903791,9.32518043022725,True,False,80.6252591110425,46.0,,2,2,SA1015-A95736A-R03-C04,False
2523,19.0,30000001,30500000,500000,107,0.481046,0.995016,1.26392079332724,2.45548485954961,True,True,84.6572036514452,46.0,,2,2,SA1015-A95736A-R03-C04,False
2524,19.0,30500001,31000000,500000,117,0.464304,0.994081,1.45169833975847,2.8202900947032203,True,True,80.5952564631753,46.0,,2,2,SA1015-A95736A-R03-C04,False
2525,19.0,31000001,31500000,500000,107,0.444528,0.998454,1.4050346860563898,2.72963418037562,True,True,76.1547035542053,46.0,,2,2,SA1015-A95736A-R03-C04,False
2526,19.0,31500001,32000000,500000,107,0.441334,0.99883,1.4177098870599,2.7542589545863,True,True,75.4738335230918,46.0,,2,2,SA1015-A95736A-R03-C04,False
2527,19.0,32000001,32500000,500000,72,0.42562,0.998153,0.996248294013404,1.9354635315891104,True,True,72.2711400688545,46.0,,2,2,SA1015-A95736A-R03-C04,False
2528,19.0,32500001,33000000,500000,103,0.4319979999999999,0.999149,1.40056835983103,2.7209572154249195,True,True,73.5415728029342,46.0,,2,2,SA1015-A95736A-R03-C04,False
2529,19.0,33000001,33500000,500000,48,0.460584,0.993008,0.60202890733429,1.169592964033,True,True,79.7303907092071,46.0,,2,2,SA1015-A95736A-R03-C04,False
2530,19.0,33500001,34000000,500000,84,0.508066,0.999628,0.91505107857592,1.77771746538232,True,True,91.7981541868984,46.0,,2,2,SA1015-A95736A-R03-C04,False
2531,19.0,34000001,34500000,500000,87,0.48178,0.999887,1.02543990443692,1.99217559598368,True,True,84.84163686586079,46.0,,2,2,SA1015-A95736A-R03-C04,False
2532,19.0,34500001,35000000,500000,96,0.4542739999999999,0.997053,1.22613656959417,2.38207947703182,True,True,78.2947041794653,46.0,,2,2,SA1015-A95736A-R03-C04,False
2533,19.0,35000001,35500000,500000,57,0.4335699999999999,0.990596,0.7717210447407529,1.49926273162128,True,True,73.860885858242,46.0,,2,2,SA1015-A95736A-R03-C04,False
2534,19.0,35500001,36000000,500000,122,0.5039680000000001,0.997108,1.3455592746946103,2.6140881960977005,True,True,90.6686180939069,46.0,,2,2,SA1015-A95736A-R03-C04,False
2535,19.0,36000001,36500000,500000,117,0.526982,0.999671,1.20336329445202,2.33783664741058,True,True,97.227496084862,46.0,,2,2,SA1015-A95736A-R03-C04,False
2536,19.0,36500001,37000000,500000,43,0.48365,0.925709,0.504020885447234,0.9791876671753168,True,True,85.31392496135291,46.0,,2,2,SA1015-A95736A-R03-C04,False
2537,19.0,37000001,37500000,500000,56,0.4121439999999999,0.994643,0.8032208511539441,1.56045904877555,True,True,69.7193056175618,46.0,,2,2,SA1015-A95736A-R03-C04,False
2538,19.0,37500001,38000000,500000,44,0.433512,0.944311,0.595809876713505,1.1575109288208,True,True,73.8490611177925,46.0,,2,2,SA1015-A95736A-R03-C04,False
2539,19.0,38000001,38500000,500000,66,0.4325319999999999,0.987816,0.896133177015779,1.7409646711403,True,True,73.6497673479596,46.0,,2,2,SA1015-A95736A-R03-C04,False
2540,19.0,38500001,39000000,500000,112,0.521734,0.999072,1.17049899480372,2.27398945806759,True,True,95.6856866150333,46.0,,2,2,SA1015-A95736A-R03-C04,False
2541,19.0,39000001,39500000,500000,114,0.514594,0.998324,1.2175349046448602,2.36536857381585,True,True,93.631812578919,46.0,,2,2,SA1015-A95736A-R03-C04,False
2542,19.0,39500001,40000000,500000,96,0.511342,0.999595,1.03545260052904,2.01162778300939,True,True,92.7130802037205,46.0,,2,2,SA1015-A95736A-R03-C04,False
2543,19.0,40000001,40500000,500000,46,0.4504579999999999,0.972896,0.593965350566268,1.15392747165205,True,True,77.4455950269575,46.0,,2,2,SA1015-A95736A-R03-C04,False
2544,19.0,40500001,41000000,500000,83,0.4777020000000001,0.990638,0.9901733909064772,1.92366150041671,True,True,83.82370275979208,46.0,,2,2,SA1015-A95736A-R03-C04,False
2545,19.0,41000001,41500000,500000,107,0.5018279999999999,0.990878,1.18776215140426,2.30752749295432,True,True,90.0853759934149,46.0,,2,2,SA1015-A95736A-R03-C04,False
2546,19.0,41500001,42000000,500000,91,0.487592,0.99469,1.05420636381822,2.04806169726989,True,True,86.3208600547696,46.0,,2,2,SA1015-A95736A-R03-C04,False
2547,19.0,42000001,42500000,500000,87,0.4853119999999999,0.998308,1.01473599116171,1.971380545278,True,True,85.73658642027559,46.0,,2,2,SA1015-A95736A-R03-C04,False
2548,19.0,42500001,43000000,500000,118,0.523308,0.999922,1.2273097314785602,2.38435863982439,True,True,96.1452492174438,46.0,,2,2,SA1015-A95736A-R03-C04,False
2549,19.0,43000001,43500000,500000,152,0.436254,0.975876,2.04268872347424,3.96843794306112,True,True,74.41172913584,46.0,,2,2,SA1015-A95736A-R03-C04,False
2550,19.0,43500001,44000000,500000,37,0.444808,0.980776,0.4854695478979139,0.943147015959481,True,True,76.21487312687309,46.0,,2,2,SA1015-A95736A-R03-C04,False
2551,19.0,44000001,44500000,500000,88,0.463464,0.996342,1.09454415424124,2.12642802700695,True,True,80.3987666089208,46.0,,2,2,SA1015-A95736A-R03-C04,False
2552,19.0,44500001,45000000,500000,63,0.404966,0.996662,0.9206022847446792,1.7885020831935,True,True,68.4334604030149,46.0,,2,2,SA1015-A95736A-R03-C04,False
2553,19.0,45000001,45500000,500000,78,0.5051479999999999,0.997885,0.8572167263805971,1.66535965235542,True,True,90.9921582250703,46.0,,2,2,SA1015-A95736A-R03-C04,False
2554,19.0,45500001,46000000,500000,118,0.531892,0.999222,1.1956063114663302,2.3227667519094704,True,True,98.6946947906963,46.0,,2,2,SA1015-A95736A-R03-C04,False
2555,19.0,46000001,46500000,500000,86,0.521346,0.998598,0.89983781168073,1.74816185816181,True,True,95.57277865370872,46.0,,2,2,SA1015-A95736A-R03-C04,False
2556,19.0,46500001,47000000,500000,84,0.472866,0.994586,1.01648275543425,1.9747740753528704,True,True,82.6378997094887,46.0,,2,2,SA1015-A95736A-R03-C04,False
2557,19.0,47000001,47500000,500000,127,0.4939479999999999,0.999868,1.44356200672141,2.80448321606791,True,True,87.9768235854587,46.0,,2,2,SA1015-A95736A-R03-C04,False
2558,19.0,47500001,48000000,500000,89,0.518208,0.997474,0.940156420699206,1.8264909231836297,True,True,94.66509831822408,46.0,,2,2,SA1015-A95736A-R03-C04,False
2559,19.0,48000001,48500000,500000,58,0.491824,0.922665,0.6634713545351949,1.28896041144902,True,True,87.41899646991197,46.0,,2,2,SA1015-A95736A-R03-C04,False
2560,19.0,48500001,49000000,500000,64,0.498274,0.999121,0.718078259120543,1.3950480936393002,True,True,89.126775789568,46.0,,2,2,SA1015-A95736A-R03-C04,False
2561,19.0,49000001,49500000,500000,132,0.52751,0.997897,1.3554570362668503,2.6333170938359,True,True,97.3841268798524,46.0,,2,2,SA1015-A95736A-R03-C04,False
2562,19.0,49500001,50000000,500000,87,0.518454,0.994325,0.9183424393766708,1.78411176370879,True,True,94.73590271952553,46.0,,2,2,SA1015-A95736A-R03-C04,False
2563,19.0,50000001,50500000,500000,88,0.536798,0.999497,0.878379059127348,1.7064728201478505,True,True,100.184537740945,46.0,,2,2,SA1015-A95736A-R03-C04,False
2564,19.0,50500001,51000000,500000,97,0.510608,0.92485,1.04856743881941,2.03710666351159,True,True,92.5071639733665,46.0,,2,2,SA1015-A95736A-R03-C04,False
2565,19.0,51000001,51500000,500000,183,0.516546,0.997121,1.94291633915611,3.77460492726793,True,True,94.1883066769025,46.0,,2,2,SA1015-A95736A-R03-C04,False
2566,19.0,51500001,52000000,500000,97,0.4887039999999999,0.998265,1.11999293988206,2.17586871044602,True,True,86.60768880401591,46.0,,2,2,SA1015-A95736A-R03-C04,False
2567,19.0,52000001,52500000,500000,62,0.44023,0.99322,0.824020560510063,1.6008677291902,True,True,75.2408410314694,46.0,,2,2,SA1015-A95736A-R03-C04,False
2568,19.0,52500001,53000000,500000,62,0.4337319999999999,0.998668,0.839040486444789,1.6300477228408998,True,True,73.89393122459259,46.0,,2,2,SA1015-A95736A-R03-C04,False
2569,19.0,53000001,53500000,500000,45,0.452356,0.995575,0.577914998601821,1.12274561559967,True,True,77.866122368983,46.0,,2,2,SA1015-A95736A-R03-C04,False
2570,19.0,53500001,54000000,500000,69,0.443922,0.988382,0.9075992273160528,1.7632403652026103,True,True,76.0247451995374,46.0,,2,2,SA1015-A95736A-R03-C04,False
2571,19.0,54000001,54500000,500000,284,0.485546,0.996098,3.31016550280168,6.43083120211675,True,False,85.7963143412697,46.0,,2,2,SA1015-A95736A-R03-C04,False
2572,19.0,54500001,55000000,500000,104,0.5091359999999999,0.993354,1.12925867387792,2.1938697352409102,True,True,92.0958168449218,46.0,,2,2,SA1015-A95736A-R03-C04,False
2573,19.0,55000001,55500000,500000,60,0.466876,0.918292,0.7389050275386361,1.43550934310522,True,True,81.20123393917859,46.0,,2,2,SA1015-A95736A-R03-C04,False
2574,19.0,55500001,56000000,500000,80,0.544258,0.997208,0.780521000100021,1.5163588639608,True,True,102.495640719146,46.0,,2,2,SA1015-A95736A-R03-C04,False
2575,19.0,56000001,56500000,500000,56,0.482056,0.989107,0.659513102573661,1.2812705088751102,True,True,84.911125770614,46.0,,2,2,SA1015-A95736A-R03-C04,False
2576,19.0,56500001,57000000,500000,71,0.4609,0.993347,0.889687237025367,1.7284418072586498,True,True,79.8033253094488,46.0,,2,2,SA1015-A95736A-R03-C04,False
2577,19.0,57000001,57500000,500000,75,0.4375060000000001,0.997994,1.00440438903095,1.95130880285481,True,True,74.6711193410458,46.0,,2,2,SA1015-A95736A-R03-C04,False
2578,19.0,57500001,58000000,500000,83,0.4437100000000001,0.995475,1.09240183491124,2.1222660314872,True,True,75.9793670675629,46.0,,2,2,SA1015-A95736A-R03-C04,False
2579,19.0,58000001,58500000,500000,57,0.4514260000000001,0.996842,0.733972146392909,1.4259259775721598,True,True,77.659622752887,46.0,,2,2,SA1015-A95736A-R03-C04,False
2580,19.0,58500001,59000000,500000,72,0.497936,0.996175,0.808659301816855,1.57102461058345,True,True,89.0362601879852,46.0,,2,2,SA1015-A95736A-R03-C04,False
2581,19.0,59000001,59500000,500000,28,-1.0,0.8530709999999999,,,False,False,,,,2,2,SA1015-A95736A-R03-C04,True
